Symbol,RECOMMENDATION,BUY,SELL,NEUTRAL,ClosePrice,percInc30,percInc10,bbHigh,bbLow,screener,exchange,interval,AdoscLastN
NH,STRONG_SELL,0,17,9,1.42,-44.95156778845951,-36.589591762005554,3.0651739,1.8063661,america,NASDAQ,1h,  -527.86 -169.15 236.38 496.93 754.34 1001.07 899.63 -2999.4
TCRX,STRONG_SELL,1,17,8,2.5,-21.716557492629946,-15.06709699337523,3.53232513,2.64523487,america,NASDAQ,1h,  -3705.79 -6264.11 -8216.96 -10862.04 -7314.33 -5913.64 -6725.13 -9601.23
LBTYB,STRONG_SELL,0,17,9,17.13,-12.094280652378089,-10.591723079653235,21.26176139,16.96953861,america,NASDAQ,1h,  -52.69 -43.96 -36.39 -29.99 -24.64 -20.22 -26.11 -26.15
TNON,STRONG_SELL,0,16,10,1.29,-21.063420383308312,-9.57965051483525,1.92348823,1.21368177,america,NASDAQ,1h,  -829.6 -1035.26 -813.8 -751.68 -3091.07 -3832.32 -3471.2 -3163.19
DBGI,STRONG_SELL,0,18,8,0.82,-10.824505421560133,-9.39681036995492,0.99298257,0.83012283,america,NASDAQ,1h,  -9440.96 -8905.97 -8875.61 -7228.86 -5898.03 -5039.82 -4125.25 -4069.4
IPW,STRONG_SELL,0,16,10,0.5002,-17.258956292035393,-9.229501464540817,0.68122151,0.49575869,america,NASDAQ,1h,  -133.72 -113.54 -94.96 -15.09 49.5 71.42 40.81 24.57
LBPH,STRONG_SELL,0,17,9,7.88,-13.62559835962648,-8.798618553694226,10.03556581,7.99215419,america,NASDAQ,1h,  -452.65 -859.66 -1455.84 -2058.33 -2470.63 -2437.63 -2570.98 -2976.23
NKEL,STRONG_SELL,0,17,9,24.93,-19.26781228300807,-8.726554202258,35.11159083,23.90592917,america,NASDAQ,1h,  791.53 682.99 576.5 480.53 389.31 316.6 225.94 168.31
BDTX,STRONG_SELL,1,18,7,1.68,-3.7067181759301207,-8.685230379554199,1.95043919,1.63957081,america,NASDAQ,1h,  217.29 47.96 -63.21 -197.77 -196.65 -201.23 -85.21 -2432.92
KAVL,STRONG_SELL,0,18,8,0.5249,-8.93448788002003,-8.449633170639132,0.60670032,0.53771528,america,NASDAQ,1h,  175.93 165.69 146.44 355.3 408.44 393.05 351.02 -907.49
LVO,STRONG_SELL,0,17,9,1.2899,-12.675649708161401,-7.976685619707354,1.54866183,1.32748817,america,NASDAQ,1h,  -3532.31 -3861.01 -2661.61 -2021.73 -1695.38 -2636.57 -4693.06 -7285.4
THRX,STRONG_SELL,1,17,8,9.28,-11.685353666750316,-7.083854818523179,11.47545248,9.31319752,america,NASDAQ,1h,  -4524.07 -5555.7 -5785.12 -6342.28 -6759.71 -6485.32 -6363.1 -6375.95
EUDA,STRONG_SELL,0,16,10,1.38,-9.829067471752836,-6.97862530585833,1.66100008,1.39652992,america,NASDAQ,1h,  -628.11 -761.32 -1032.97 -1050.19 -961.77 -1157.29 -1132.08 -819.66
IPX,STRONG_SELL,0,17,9,5.75,-10.067488437842286,-6.784469482045878,6.5155175,5.8650325,america,NASDAQ,1h,  -362.29 -303.96 -1209.87 -1502.94 -1693.97 -1625.76 -1663.56 -1527.79
PUYI,STRONG_SELL,0,17,9,5.14,-5.40538876753736,-6.579425663395128,5.7191708,5.2424692,america,NASDAQ,1h,  0.4 0.4 0.36 0.31 63.58 83.69 84.3 76.89
NEPT,STRONG_SELL,1,16,9,0.205499,-8.485273382983706,-6.502073116189607,0.23725917,0.20978963,america,NASDAQ,1h,  1453.15 1164.95 -2543.12 9892.85 5489.54 -13298.39 -26661.44 -35330.95
CYCN,STRONG_SELL,2,16,8,4.35,-17.327256728325963,-6.299273657817878,6.18560693,3.94085307,america,NASDAQ,1h,  -2333.59 -1968.26 -2006.74 -2352.96 -2274.96 -2090.33 -1852.77 -2038.01
CHNA,STRONG_SELL,0,17,9,16.8401,-7.125706578009954,-5.729211567248143,18.84581765,17.26102235,america,NASDAQ,1h,  -57.88 -47.35 -38.74 -31.7 -25.93 -21.22 -17.36 -14.2
PEV,STRONG_SELL,0,16,10,0.7202,-8.781177075683871,-5.526490427178459,0.85701304,0.70476706,america,NASDAQ,1h,  279.19 449.56 615.21 440.91 829.07 1327.08 -0.36 -750.74
FATBB,STRONG_SELL,1,16,9,5.13,-8.415153637248523,-5.429071803852892,6.35060881,4.95348119,america,NASDAQ,1h,  -225.4 -198.46 -169.4 -123.17 -92.11 -69.12 -60.11 -105.05
GRRR,STRONG_SELL,1,16,9,1.66,-10.112521632761855,-5.325713764272436,1.9739946,1.6623054,america,NASDAQ,1h,  -10087.3 -9341.98 -7494.17 -7079.17 -6052.34 -4931.56 -5517.33 -5881.15
DERM,STRONG_SELL,1,16,9,1.24,-3.007042165881529,-5.318937739565996,1.54370632,1.08355368,america,NASDAQ,1h,  -8190.5 -6934.24 -3765.65 -2241.73 -665.52 39.8 324.72 294.67
BGXX,STRONG_SELL,1,16,9,0.8398,-10.340973023362494,-5.232619613913755,1.01578371,0.82751549,america,NASDAQ,1h,  -9830.04 -9584.55 -8356.94 -7423.75 -6159.08 -5081.81 -6299.92 -7383.98
MREO,STRONG_SELL,2,15,9,1.2096,-5.219360450082661,-5.081021697335913,1.34625586,1.21424414,america,NASDAQ,1h,  -13585.62 -2490.26 3815.26 -12779.5 -19265.91 -21423.47 -33478.66 -50020.04
CSSE,STRONG_SELL,0,16,10,1.41,-5.1407861096078875,-4.9224544841537465,1.55587969,1.40050031,america,NASDAQ,1h,  3943.85 3154.5 -161.33 -3337.77 -8449.16 -11473.07 -16252.55 -15311.4
APACU,STRONG_SELL,0,16,10,10.12,-2.765576354879528,-4.896245751108225,11.1524781,9.8315319,america,NASDAQ,1h,  -202.57 -867.49 -1060.64 -1043.23 -1068.55 -981.76 -857.01 -728.06
CHB,STRONG_SELL,0,17,9,8.73,-7.239958433300956,-4.8147594909933815,9.6560049,8.8015451,america,NASDAQ,1h,  -329.6 -275.14 -227.85 -187.79 -154.33 -126.61 -103.76 -84.98
AKYA,STRONG_SELL,0,17,9,5.97,-2.5406896171501785,-4.792281317279333,6.53233517,5.85906483,america,NASDAQ,1h,  588.46 500.87 389.44 190.32 -318.55 -973.13 -1323.25 -2805.05
BNOX,STRONG_SELL,0,16,10,2.3,-9.727337427795177,-4.720478883158307,2.69320305,2.27744695,america,NASDAQ,1h,  -200.7 -102.92 -53.56 -183.77 -147.15 88.03 241.67 282.56
EDTK,STRONG_SELL,0,16,10,1.6,-9.42541749221624,-4.6483909415971425,1.89182351,1.59116649,america,NASDAQ,1h,  850.68 -528.1 -1117.64 -1257.21 -1497.83 -1626.51 -1462.88 -1262.95
QTEK,STRONG_SELL,1,16,9,0.1713,-6.493882500092667,-4.594714112741983,0.19387351,0.16812619,america,NASDAQ,1h,  -2043.79 -2294.55 -2367.36 -2786.47 -8985.26 -8356.74 -7562.64 -6550.27
CDIO,STRONG_SELL,0,16,10,1.38,-5.8440374846349386,-4.593346422941849,1.5842782,1.3413318,america,NASDAQ,1h,  -7095.84 -8752.61 -8284.86 -6843.78 -4681.36 -3889.05 -3211.37 -3128.7
OFED,STRONG_SELL,2,16,8,17.8,-9.124944676683043,-4.57299093979519,20.37712868,17.29387132,america,NASDAQ,1h,  -616.47 -514.98 -386.24 -1208.78 -1255.93 -1161.04 -1024.31 -865.88
LPSN,STRONG_SELL,0,16,10,4.36,-3.450821113453273,-4.448827525750588,4.7447448,4.3482552,america,NASDAQ,1h,  -19805.38 -17646.49 -19374.8 -26596.69 -29522.45 -26616.61 -29020.94 -40407.2
ETAO,STRONG_SELL,0,16,10,0.513,-14.74817233293021,-4.4461415240188416,0.66108099,0.48856901,america,NASDAQ,1h,  -924.04 -662.36 -1352.2 -2955.07 -3021.42 -2111.95 -469.27 25.86
FEMY,STRONG_SELL,0,16,10,0.7402,-5.773816934387682,-4.295183547149946,0.83834833,0.71874147,america,NASDAQ,1h,  -349.25 -289.28 -238.45 939.93 1709.45 1698.33 1270.83 980.42
HUIZ,STRONG_SELL,0,17,9,1.03,-3.6416595349800644,-4.254626918393328,1.11568883,1.01208117,america,NASDAQ,1h,  -1562.62 -504.89 387.35 717.15 786.87 1096.72 1315.0 1284.75
PAVM,STRONG_SELL,0,18,8,0.415,-6.634668680298148,-4.234430422160017,0.45802622,0.41988018,america,NASDAQ,1h,  -16806.63 -16180.51 -17543.59 -17585.81 -18163.05 -17274.47 -15327.6 -13682.78
IDBA,STRONG_SELL,1,15,10,6.2,-7.080329055531493,-4.232313870868083,7.33421411,5.88311589,america,NASDAQ,1h,  -601.04 -598.84 -543.5 -471.45 -431.57 -376.03 -319.12 -266.83
CELZ,STRONG_SELL,1,16,9,0.5951,-3.392606214561596,-4.153714828713646,0.65283539,0.58750471,america,NASDAQ,1h,  -6717.8 -8519.52 -8753.49 -6853.89 -6110.75 -6619.39 -6844.41 -5980.15
EVLO,STRONG_SELL,2,16,8,0.1403,-6.419645657954931,-3.972447005179191,0.16490828,0.13741562,america,NASDAQ,1h,  1225.41 -1874.17 -11417.93 -16528.98 -16157.91 -18595.94 -18078.99 -16223.97
SBIG,STRONG_SELL,2,16,8,0.4302,-11.109586671975563,-3.970020431483107,0.51528047,0.41449963,america,NASDAQ,1h,  -953.85 -934.55 -3086.31 -4355.78 -4702.81 -4800.97 -4275.18 -3031.88
LWAY,STRONG_SELL,1,17,8,5.75,-4.2756859711304855,-3.9471859866461614,6.15416927,5.85924073,america,NASDAQ,1h,  -404.79 -343.12 -286.71 -173.92 -111.98 -76.45 -54.97 -274.73
ILAG,STRONG_SELL,1,16,9,1.08,-5.091934586935878,-3.9470641598036167,1.17743113,1.08872887,america,NASDAQ,1h,  526.5 637.52 588.07 610.79 7294.1 9365.08 4742.21 2240.46
IMRN,STRONG_SELL,0,16,10,1.93,-10.432938402921835,-3.922739944245322,2.29071998,1.89188002,america,NASDAQ,1h,  -901.38 -858.31 -1212.88 -1313.86 -795.99 -934.01 -905.56 -668.41
TCRT,STRONG_SELL,2,16,8,0.6,-3.8872281936820485,-3.910829249543582,0.64769901,0.60292099,america,NASDAQ,1h,  2544.89 1921.27 -654.74 -3058.91 -3377.76 -2022.58 3960.13 8812.28
TTNP,STRONG_SELL,0,17,9,0.775,-2.5373820386355135,-3.8575096340978092,0.83914221,0.76660269,america,NASDAQ,1h,  3123.55 2817.92 2436.71 2059.24 1717.62 1402.63 1074.35 842.38
VERI,STRONG_SELL,1,16,9,3.735,-4.448821919210005,-3.7619170316928603,4.0262982,3.6907018,america,NASDAQ,1h,  1625.49 2219.89 2773.46 2403.83 980.48 -327.68 -2667.37 -5122.27
GAIA,STRONG_SELL,0,18,8,2.57,-9.01656464957216,-3.7518069942850474,3.01598193,2.47129807,america,NASDAQ,1h,  -910.68 -124.72 -35.9 -9.03 -92.67 -118.46 -118.24 272.25
CLPT,STRONG_SELL,0,16,10,8.1262,-4.78314459606797,-3.6448297818603947,8.77987235,8.21601765,america,NASDAQ,1h,  2141.31 1400.13 831.7 614.87 -249.14 -579.95 -730.73 -1462.57
AGIL,STRONG_SELL,2,16,8,0.8,-3.1492674265066682,-3.6202638395277233,0.86370466,0.78809534,america,NASDAQ,1h,  223.89 -356.83 -561.97 -594.8 -1674.79 -3194.94 -4102.92 -4394.73
ASNS,STRONG_SELL,0,17,9,3.31,-3.1020043180615744,-3.5938241796009294,3.59806577,3.24050423,america,NASDAQ,1h,  -2313.26 -2156.01 -1895.68 -1616.85 -1421.98 -1281.62 -1107.69 -1128.02
WKHS,STRONG_SELL,1,16,9,0.8844,-4.888430332490543,-3.5792549306062824,0.95234857,0.87816643,america,NASDAQ,1h,  -43183.94 -27402.65 -9762.09 904.7 -15665.9 -34675.4 -74480.49 -102763.57
SONM,STRONG_SELL,2,15,9,1.04,-3.462957302584968,-3.5313105828007565,1.11224003,1.04305997,america,NASDAQ,1h,  6001.23 8031.18 7803.14 6649.21 5572.67 4625.66 3817.73 2663.51
MARA,STRONG_SELL,1,16,9,9.31,-2.460489164313742,-3.519916763906707,10.04693127,8.92150873,america,NASDAQ,1h,  -1946.3 147011.35 353151.08 278993.53 62198.34 -146432.83 -107164.36 -158481.79
CASI,STRONG_SELL,1,17,8,2.05,-7.315308798263871,-3.5176068601334833,2.34394665,1.97057335,america,NASDAQ,1h,  -1024.09 580.09 2186.3 2430.5 2306.58 1705.42 1304.46 1021.84
NMTC,STRONG_SELL,1,16,9,1.13,-5.911217675122316,-3.510344886475238,1.24543574,1.10567426,america,NASDAQ,1h,  -3762.77 -3508.93 -2232.01 -785.72 -540.72 -1033.11 -1105.62 -2463.73
CNTA,STRONG_SELL,0,16,10,4.47,-2.796432895255421,-3.4980343391558364,4.81484349,4.45344651,america,NASDAQ,1h,  4316.3 4395.7 7158.95 6947.02 6228.78 5254.15 4249.88 3006.92
FUV,STRONG_SELL,0,16,10,1.51,-1.9542065499044412,-3.42181004157338,1.59421312,1.50676688,america,NASDAQ,1h,  -2413.25 -2499.89 -2308.07 -1945.95 -1620.91 -1375.26 -1149.75 -937.06
FGMCU,STRONG_SELL,1,16,9,9.99,-4.693578884905335,-3.384352326996094,10.88418965,10.02175035,america,NASDAQ,1h,  -1.38 -1.13 -0.92 -0.76 -0.62 -0.51 -0.41 -0.34
XOMA,STRONG_SELL,0,16,10,18.56,-7.022894093937083,-3.335900973463737,20.67017518,18.51133482,america,NASDAQ,1h,  30.95 304.74 157.41 11.38 -108.08 -160.77 -213.07 -182.21
PATI,STRONG_SELL,2,15,9,9.2501,-3.084228116335481,-3.3127313283223856,9.85298036,9.33713964,america,NASDAQ,1h,  30.08 80.13 140.41 -20.47 55.26 81.22 84.45 -163.72
EYEN,STRONG_SELL,1,16,9,3.06,-6.239946072648735,-3.306231692172531,3.32308923,3.06659077,america,NASDAQ,1h,  1035.41 1667.42 -445.56 -2139.37 -1316.42 -1929.82 -4554.9 -6318.17
SGRY,STRONG_SELL,2,15,9,36.28,-2.3019628742073053,-3.2971719487165814,38.71876444,36.01972556,america,NASDAQ,1h,  9648.13 9610.95 8722.02 5724.11 1828.0 -1106.26 -4013.8 -7560.2
BTB,STRONG_SELL,0,18,8,0.838,-4.216931870132285,-3.290768192125938,0.9026294,0.8372057,america,NASDAQ,1h,  -45.62 377.99 667.8 725.65 683.35 603.92 -107.75 -430.46
WILC,STRONG_SELL,0,17,9,12.85,-4.405054729508478,-3.2836881354299265,14.09956143,12.86936857,america,NASDAQ,1h,  -12.46 -9.25 -7.09 -5.57 -17.16 -52.17 -68.11 -68.44
BFRG,STRONG_SELL,0,16,10,4.98,-5.953863197464045,-3.2654702405348672,5.43898237,4.98543763,america,NASDAQ,1h,  -3959.59 -5095.3 -5536.11 -5812.3 6578.32 9260.79 13183.1 13324.18
HFBL,STRONG_SELL,1,16,9,16.25,-3.9865191353416805,-3.2194280595763303,17.62755225,15.58707775,america,NASDAQ,1h,  263.3 217.66 179.21 147.19 120.7 98.9 272.21 318.37
QNCX,STRONG_SELL,2,15,9,1.58,-2.925346525639469,-3.215926493108725,1.67424354,1.58963646,america,NASDAQ,1h,  2154.95 1531.83 1215.62 -456.71 -1035.05 -1006.68 -903.56 -1386.64
DXLG,STRONG_SELL,1,16,9,3.88,-8.140314807355338,-3.1815346225826744,4.24611068,3.87838932,america,NASDAQ,1h,  -8811.79 -9059.47 -7679.87 -8259.43 -6615.1 -8234.6 -12678.52 -12065.02
ALPS,STRONG_SELL,0,16,10,0.6601,-1.043231605145806,-3.042235307579091,0.7052992,0.6399477,america,NASDAQ,1h,  3130.89 2486.39 7023.33 7355.69 6906.83 6061.9 5165.17 4454.99
HHS,STRONG_SELL,0,16,10,5.54,-1.218424904141699,-3.036667541786997,5.94677444,5.27172556,america,NASDAQ,1h,  1779.17 1670.83 1903.52 1666.57 2359.95 2296.6 1819.12 1280.24
FGF,STRONG_SELL,0,17,9,2.26,-2.9063647885206336,-3.0217728993057165,2.40163291,2.27425709,america,NASDAQ,1h,  -8.23 -33.75 -41.13 -40.41 -36.44 -31.5 -134.16 -173.51
YGF,STRONG_SELL,0,16,10,3.35,-5.682245743906407,-2.9961169490396458,3.70534552,3.32812448,america,NASDAQ,1h,  781.92 671.68 561.38 457.59 313.54 480.65 537.14 399.42
VWE,STRONG_SELL,1,16,9,1.13,-4.99331590142846,-2.9893030682852384,1.27775411,1.10507589,america,NASDAQ,1h,  -3346.88 -5019.16 -5027.44 -5753.88 -5186.51 -4909.59 -4546.51 -5530.7
ATEC,STRONG_SELL,2,16,8,14.94,-2.992262302471133,-2.9807130333138474,15.9560542,14.8454458,america,NASDAQ,1h,  -5648.76 3571.13 1851.26 -5668.4 -10811.37 -16019.62 -12807.04 -14645.3
EGLX,STRONG_SELL,0,17,9,0.4749,-4.11807129654234,-2.9776801675264295,0.50739112,0.47390888,america,NASDAQ,1h,  -192.32 238.12 442.3 -1168.6 -1944.1 -2120.57 -1999.98 -2770.15
ACRV,STRONG_SELL,1,15,10,12.21,-5.617011691230033,-2.9761143244920447,13.20220906,12.16282094,america,NASDAQ,1h,  144.36 211.78 215.52 182.23 165.09 131.94 -84.53 -271.99
SKIN,STRONG_SELL,1,15,10,9.99,-2.714704491381724,-2.924885822563411,10.57104125,9.96495875,america,NASDAQ,1h,  11252.38 17992.91 21602.36 17579.46 9213.21 376.04 -2516.04 -22312.53
MDJH,STRONG_SELL,0,18,8,1.71,-2.86776780877301,-2.903249618142894,1.81056632,1.70827368,america,NASDAQ,1h,  60.5 56.08 49.17 41.87 28.08 19.89 79.32 96.42
ACET,STRONG_SELL,0,17,9,6.17,-3.634454354767044,-2.895813660686187,6.54155262,6.19944738,america,NASDAQ,1h,  -1476.78 -844.97 -959.85 -1756.93 -1817.15 -3221.04 -5088.68 -6540.19
CKPT,STRONG_SELL,0,16,10,2.8,-1.4339019284150822,-2.864457758181075,3.07744243,2.67786757,america,NASDAQ,1h,  -3101.88 -1019.91 -2786.7 -3998.95 -4131.33 -1729.51 1182.55 1705.39
BFIT,STRONG_SELL,0,17,9,21.815,-4.101318959774957,-2.835649050292517,23.1370633,22.0663467,america,NASDAQ,1h,  -606.61 -496.28 -407.94 -334.71 -127.96 -31.75 10.49 26.82
DALN,STRONG_SELL,0,16,10,3.82,-3.1017583733271152,-2.7965088170182497,4.01453938,3.86724062,america,NASDAQ,1h,  -307.12 -296.59 230.73 -33.02 -137.92 -373.84 -6938.09 -9712.46
MOXC,STRONG_SELL,1,16,9,0.852,-2.6505812977164283,-2.775241920759541,0.91588685,0.83100665,america,NASDAQ,1h,  -28.84 -131.77 569.93 812.49 837.86 772.06 674.96 573.88
NRSN,STRONG_SELL,0,16,10,1.63,-4.203300578306454,-2.737085812145338,1.75474225,1.63616775,america,NASDAQ,1h,  164.9 373.62 569.81 374.59 260.67 94.6 -60.85 -118.91
FCEL,STRONG_SELL,2,15,9,2.225,-1.3577898509242061,-2.7288386041916226,2.40828239,2.06317761,america,NASDAQ,1h,  407289.43 490680.31 440761.11 352736.03 284658.86 178010.4 118198.71 9470.33
PLSE,STRONG_SELL,1,16,9,6.29,-9.011743126697894,-2.721930095886165,7.0182522,6.2062378,america,NASDAQ,1h,  127.63 2.87 -1178.13 -1382.97 -1407.73 -1489.39 -1182.53 -1495.18
TBLT,STRONG_SELL,1,15,10,0.9378,-1.0788992610948185,-2.714814776393453,1.01791639,0.88493841,america,NASDAQ,1h,  -8894.0 -7472.77 -9217.58 -8466.57 -7799.56 -4952.12 -3702.97 -2862.96
WULF,STRONG_SELL,2,15,9,1.59,-1.242849423295496,-2.6987332476592627,1.70513808,1.49990192,america,NASDAQ,1h,  -11352.06 3549.47 9322.87 2245.39 2859.59 -12011.38 -18609.33 -26855.38
ARQT,STRONG_SELL,1,15,10,9.44,-2.2015022015022083,-2.6854285861553535,9.98574834,9.34525166,america,NASDAQ,1h,  -773.64 1114.23 2542.39 -1132.67 -3254.49 -13921.61 -17019.82 -19962.14
NTES,STRONG_SELL,2,16,8,83.75,-3.958698230242291,-2.664946596469221,90.52388264,83.54311736,america,NASDAQ,1h,  -16768.25 -20195.16 -22188.49 -20510.7 -19490.82 -20367.7 -21589.47 -26413.58
ATRA,STRONG_SELL,0,16,10,2.08,-1.0160135151212302,-2.6240022471384066,2.21044696,2.05160304,america,NASDAQ,1h,  -18182.59 -15779.68 -16326.97 -17828.73 -16822.29 -16309.41 -19637.82 -31541.51
PLBY,STRONG_SELL,1,15,10,1.66,-0.8803337046280433,-2.6238759217002183,1.75377619,1.61945381,america,NASDAQ,1h,  13877.41 15690.64 14045.91 9065.83 7648.86 4856.31 2006.69 -4723.86
BRAG,STRONG_SELL,0,16,10,3.34,-1.7183594403651625,-2.6151051552764244,3.50162325,3.32306675,america,NASDAQ,1h,  -209.42 -43.9 247.98 344.84 353.12 324.4 283.16 205.87
OMEX,STRONG_SELL,0,16,10,2.99,-2.078618751780752,-2.5741283805799924,3.15060556,3.00189444,america,NASDAQ,1h,  1249.85 1111.65 919.06 735.72 593.83 351.03 159.65 -15.08
AKAN,STRONG_SELL,1,15,10,0.9126,-6.371831845574633,-2.5478931294449296,1.01995906,0.90187094,america,NASDAQ,1h,  -4695.85 -3559.84 -2943.3 -1894.94 -762.4 -240.92 -5.68 226.62
TPST,STRONG_SELL,1,17,8,2.08,-0.6271321362505091,-2.5304592314901555,2.24039369,2.02884631,america,NASDAQ,1h,  348.2 285.67 234.13 91.84 -833.8 -1136.68 -1157.24 -1002.86
XLO,STRONG_SELL,0,17,9,3.05,-1.9810538504102908,-2.528194918043795,3.20911079,3.02845921,america,NASDAQ,1h,  1182.2 1090.47 953.81 739.61 489.29 342.4 251.18 205.67
RVNC,STRONG_SELL,1,16,9,31.47,-1.7557223311397365,-2.5281660149444605,32.99548352,31.34771648,america,NASDAQ,1h,  4241.63 7809.42 12233.38 10401.55 9081.77 4117.15 533.16 -2461.67
MMLP,STRONG_SELL,0,16,10,2.15,-5.7545264774921066,-2.5235077029097823,2.35641284,2.13584716,america,NASDAQ,1h,  -243.13 -193.33 -236.19 -552.03 -1227.01 -1434.86 -1389.45 -2915.97
TGVCU,STRONG_SELL,0,16,10,10.05,-1.3864767007153063,-2.516150309426351,10.45099856,10.03540144,america,NASDAQ,1h,  18.33 14.98 12.25 10.02 70.88 89.33 216.03 248.22
CENN,STRONG_SELL,1,16,9,0.322,-5.62766002874487,-2.5158479864829957,0.3452608,0.3204343,america,NASDAQ,1h,  -27783.71 -37699.43 -13164.51 -9782.18 -6967.93 -5688.29 -9782.13 -14844.92
KFFB,STRONG_SELL,1,16,9,5.62,-3.529029463396512,-2.4984342497670866,5.9254007,5.6106293,america,NASDAQ,1h,  -3.0 -106.18 -135.87 -242.26 -263.76 -248.57 -219.77 -251.64
VRM,STRONG_SELL,0,16,10,0.762,-3.16082926203201,-2.450889399535299,0.80419684,0.75896316,america,NASDAQ,1h,  -20486.34 -14413.07 -10466.18 -6768.9 -5059.75 -8104.94 -13046.42 -16015.62
IROQ,STRONG_SELL,1,16,9,14.15,-5.16712927269171,-2.393598675588052,15.6052289,14.0157411,america,NASDAQ,1h,  -132.36 -116.51 -99.44 -83.41 -69.28 -121.15 -131.36 -123.59
MASI,STRONG_SELL,2,16,8,155.18,-4.8709840543317,-2.384711676972529,169.21891079,154.36258921,america,NASDAQ,1h,  -5905.34 -5501.08 -6415.37 -7896.81 -8898.92 -7959.02 -7885.41 -9458.67
DISH,STRONG_SELL,0,16,10,6.59,-2.877231365949342,-2.3703703703703667,6.87504895,6.61063105,america,NASDAQ,1h,  -84878.11 -73039.27 -55931.42 -69537.76 -66616.51 -83994.07 -95610.02 -163025.95
BSBK,STRONG_SELL,0,16,10,7.85,-2.600343399922025,-2.3538323943959796,8.15979594,7.87394406,america,NASDAQ,1h,  -57.82 -8.29 12.73 -26.28 -17.9 8.32 18.28 20.7
QIPT,STRONG_SELL,1,16,9,5.55,-3.3452415652931933,-2.3293138766287314,5.81447284,5.55828716,america,NASDAQ,1h,  -1125.02 -1886.63 -2557.41 -2755.02 -4255.86 -4912.81 -5681.53 -7926.01
SMTI,STRONG_SELL,1,16,9,36.7,-3.850604282459969,-2.325686614493847,39.89100458,36.35384542,america,NASDAQ,1h,  -1726.89 -1737.57 -1570.08 -1344.21 -1159.52 -973.29 -812.77 -302.21
NUVA,STRONG_SELL,2,16,8,38.64,-3.715732169617482,-2.2996498059393957,40.88083191,38.71066809,america,NASDAQ,1h,  -5842.61 -4549.7 -4132.81 -4096.73 -5531.13 -6382.45 -5782.29 -8286.48
AAME,STRONG_SELL,0,16,10,2.15,-2.8788515311262017,-2.29537698079082,2.28640365,2.14706635,america,NASDAQ,1h,  102.43 118.13 113.81 101.7 87.5 73.74 -272.69 -389.62
BJK,STRONG_SELL,0,17,9,43.5,-3.0083682596111316,-2.271699951203246,46.09764456,43.56370544,america,NASDAQ,1h,  337.44 301.3 259.13 218.31 181.77 150.3 123.76 101.65
RCKY,STRONG_SELL,1,16,9,19.15,-3.2106599511301255,-2.2410536525601117,20.15985963,19.20677037,america,NASDAQ,1h,  -327.56 -530.21 -512.41 -617.96 -650.46 -722.03 -691.22 -878.01
AMCX,STRONG_SELL,1,16,9,12.9,-4.67158501233564,-2.235695339143618,13.78997201,12.88552799,america,NASDAQ,1h,  -4189.85 -3749.96 -2620.92 -2827.35 -3133.32 -3676.67 -4373.46 -6279.94
FSRXU,STRONG_SELL,1,15,10,10.0,-1.5312869565388638,-2.234145311345131,10.60969752,9.74483248,america,NASDAQ,1h,  -10313.8 -10393.01 -9480.59 -8245.46 -6990.59 -5841.72 -4840.67 -3991.09
PERI,STRONG_SELL,1,16,9,30.29,-3.075184313616674,-2.2338074138340716,32.56230272,29.70477728,america,NASDAQ,1h,  2615.42 22550.61 20043.64 15492.48 3157.9 -8772.64 -7171.16 -284.09
MF,STRONG_SELL,1,16,9,0.6501,-5.180901814656096,-2.231780311005494,0.71101086,0.62266824,america,NASDAQ,1h,  -6227.0 -5754.59 -5038.19 -4490.74 -6238.34 -5221.92 -5333.35 -4214.13
PEGY,STRONG_SELL,2,16,8,1.32,-4.861208106831242,-2.2113568174241465,1.44944381,1.30828619,america,NASDAQ,1h,  -1993.46 -2539.46 -2308.6 -2004.29 -1554.41 -1229.05 -1523.54 -2993.96
BLUE,STRONG_SELL,1,16,9,3.68,-2.3842469947206553,-2.205686951900077,3.87411005,3.67238995,america,NASDAQ,1h,  -35673.8 -15059.42 24709.57 19363.49 25122.56 2981.77 13429.4 -15495.65
CUTR,STRONG_SELL,2,15,9,16.86,-2.2980434888248453,-2.1938510910084403,17.67367859,16.72651141,america,NASDAQ,1h,  -1614.31 -2466.52 -1624.54 -2028.4 -2705.72 -1610.47 -3324.92 -6499.21
APRE,STRONG_SELL,0,18,8,3.65,-3.5840324591619037,-2.179913918324246,3.92447479,3.61799521,america,NASDAQ,1h,  -394.99 -332.09 -276.16 -922.14 -1177.34 -3149.35 -3705.09 -3643.34
PAYO,STRONG_SELL,1,15,10,4.49,-0.6344787293606373,-2.17886235541971,4.70050943,4.40300057,america,NASDAQ,1h,  11345.61 24055.74 25036.66 8373.42 -11132.89 -31926.56 -39528.81 -46603.6
DIBS,STRONG_SELL,0,16,10,3.76,-1.9811453590234862,-2.1597710122300384,3.93911854,3.71387146,america,NASDAQ,1h,  263.23 478.59 1703.63 1805.55 2027.06 1745.03 1183.38 995.07
ZENV,STRONG_SELL,0,16,10,0.7005,-2.613886386732304,-2.1443039742962924,0.76611411,0.66897109,america,NASDAQ,1h,  -6879.17 -4901.86 4822.35 8362.04 8709.13 7804.84 7473.1 7169.65
MESA,STRONG_SELL,2,15,9,1.77,-2.359372672760472,-2.133706367944086,1.85173282,1.74407718,america,NASDAQ,1h,  2457.52 2835.34 2151.15 1675.69 1200.15 826.64 481.07 540.71
VERU,STRONG_SELL,0,16,10,1.08,-4.086961155219257,-2.130474576578365,1.17094908,1.07304092,america,NASDAQ,1h,  -6855.74 -8207.99 -5354.84 -9363.52 -6640.75 -2730.28 161.39 -5384.91
AWRE,STRONG_SELL,0,16,10,1.61,-1.1443110881200909,-2.128254539486079,1.67422487,1.59242513,america,NASDAQ,1h,  1770.52 1580.18 1449.98 1264.9 1074.19 978.71 850.67 720.96
CMPO,STRONG_SELL,0,16,10,7.08,-2.2280406665064874,-2.122341543259722,7.34214838,7.08787162,america,NASDAQ,1h,  -638.53 -1106.17 -1196.92 -1230.3 -2264.52 -2972.06 -3387.46 -3312.1
MNPR,STRONG_SELL,0,16,10,0.8888,-1.7302898912222417,-2.1037667029665528,0.9634962,0.8645238,america,NASDAQ,1h,  -1005.74 -868.99 -775.09 -756.9 -730.92 -723.53 -654.73 -567.06
NDLS,STRONG_SELL,1,16,9,3.24,-5.742803827446096,-2.092619173528746,3.36297333,3.22228667,america,NASDAQ,1h,  -2353.4 -1210.46 1097.36 364.89 -365.55 -631.14 -1968.08 -9141.36
MGOL,STRONG_SELL,1,16,9,1.1222,-4.80203170211108,-2.079352198459034,1.20302877,1.11658123,america,NASDAQ,1h,  946.82 523.03 417.93 45.17 -111.43 -10.09 32.28 1175.91
PBPB,STRONG_SELL,2,16,8,8.043,-2.8362676949617054,-2.06011071359859,8.47793526,8.06324474,america,NASDAQ,1h,  2204.18 2397.15 1806.04 1159.49 425.9 -481.32 -1219.7 -2131.56
MGIC,STRONG_SELL,0,16,10,13.14,-6.394277633431315,-2.0426420158043754,14.93413949,12.75092051,america,NASDAQ,1h,  -95.2 -240.74 -382.75 -259.69 -152.33 -168.06 -447.15 -1164.35
RCRT,STRONG_SELL,1,15,10,0.1931,-4.089783485790505,-2.039267491139924,0.20991371,0.18730869,america,NASDAQ,1h,  -127.49 -1216.41 629.25 3076.45 3797.9 3747.77 3350.29 1707.11
EBIZ,STRONG_SELL,0,16,10,16.735,-2.6380332237626476,-2.0230613182830695,17.39101427,16.84026573,america,NASDAQ,1h,  -365.34 -386.41 -359.9 -320.79 -275.63 -279.82 -256.1 -223.12
CWD,STRONG_SELL,0,9,6,4.31,-21.22966998779131,-2.01316342885724,5.56451012,3.84202988,america,NASDAQ,1h,  -29684.66 -26801.48 -23240.29 -20029.16 -17160.73 -12887.22 -7025.31 -4069.1
DAIO,STRONG_SELL,0,18,8,4.47,-0.8084737381436042,-1.9754039402817654,4.6627587,4.3816413,america,NASDAQ,1h,  -114.27 24.9 -333.11 -449.28 -455.97 -417.25 -363.48 -295.39
EZGO,STRONG_SELL,0,16,10,1.4001,-5.682663004235749,-1.9688843455490144,1.55715612,1.37042388,america,NASDAQ,1h,  -2152.17 -2001.29 -1185.85 -817.32 -720.17 -614.95 -387.14 -258.75
CLDX,STRONG_SELL,1,16,9,32.74,0.42380030779700917,-1.9584356471222293,34.03538029,32.31261971,america,NASDAQ,1h,  -1359.25 -981.0 -1239.01 -1310.86 -1926.5 -2776.08 -3179.56 -5461.59
NTWK,STRONG_SELL,1,16,9,2.24,-2.7805909800344324,-1.9453345239971185,2.40533098,2.20781902,america,NASDAQ,1h,  -95.14 78.88 142.9 156.1 321.99 360.58 343.59 305.4
HYMC,STRONG_SELL,0,16,10,0.3737,-2.1817372753805415,-1.9391744732215557,0.38922753,0.37029747,america,NASDAQ,1h,  1679.14 272.68 3485.0 1898.66 -4997.61 -7193.51 -8407.78 -15293.24
AAOI,STRONG_SELL,1,15,10,1.71,-1.6231224046590427,-1.910170366546211,1.77906683,1.69957317,america,NASDAQ,1h,  1201.85 1100.41 958.88 813.81 680.48 -637.86 -913.33 -1111.63
KMDA,STRONG_SELL,0,16,10,4.69,-2.198891516397566,-1.9035726760663465,4.9527988,4.6741912,america,NASDAQ,1h,  278.36 111.83 33.53 -125.96 -128.52 -439.57 -259.27 -257.71
IHRT,STRONG_SELL,0,16,10,2.59,-3.949089427540173,-1.8939393939394051,2.74449216,2.57700784,america,NASDAQ,1h,  731.27 1426.81 1165.87 -915.22 -3021.65 -4642.07 -4264.15 -6383.66
URGN,STRONG_SELL,1,16,9,11.43,-2.635652047249394,-1.854714064915001,11.98115037,11.35107963,america,NASDAQ,1h,  -2129.07 -2320.71 -1822.54 -1565.82 -1582.76 -1881.24 -2070.79 -2592.83
PSNY,STRONG_SELL,2,15,9,3.35,-0.48253582428932873,-1.8340908225131045,3.50299798,3.22325202,america,NASDAQ,1h,  13920.73 17198.81 14245.29 5970.35 12985.72 8113.82 -2744.33 -14693.45
PEZ,STRONG_SELL,1,16,9,66.07,-2.4889449590164503,-1.8174398797141151,68.73286817,66.34139183,america,NASDAQ,1h,  13.4 10.97 8.97 7.34 6.01 4.92 4.02 3.29
GEHC,STRONG_SELL,1,16,9,77.2,-2.745997829726292,-1.8157348424543045,80.44375122,77.56954878,america,NASDAQ,1h,  -3416.42 181.21 3054.36 1028.56 -6262.17 -9239.49 -18318.29 -24314.8
EDAP,STRONG_SELL,1,16,9,10.0,-4.110005032911047,-1.8067556952081674,10.75703606,9.92496394,america,NASDAQ,1h,  -173.46 203.12 715.78 684.64 165.2 227.01 208.92 55.43
FSV,STRONG_SELL,2,16,8,143.37,-2.4327635366799427,-1.790270818277392,149.93043174,143.79861826,america,NASDAQ,1h,  273.68 285.93 200.68 -45.58 -371.07 -901.91 -926.92 -1699.56
ONVO,STRONG_SELL,0,17,9,1.8,-0.48907793826438706,-1.764956285405546,1.87211136,1.78844864,america,NASDAQ,1h,  -456.49 -428.46 -353.22 -290.33 -172.03 -389.26 -442.75 -533.83
KLXE,STRONG_SELL,0,16,10,9.9499,-0.8696328251111538,-1.7632440768564805,10.34951608,9.72654392,america,NASDAQ,1h,  -1502.28 442.38 733.67 949.29 609.48 57.58 -500.41 -1720.78
WLFC,STRONG_SELL,1,16,9,41.66,-4.4535954323039135,-1.7613858105805775,44.75175772,41.31829228,america,NASDAQ,1h,  213.78 253.81 208.92 161.73 101.42 89.05 47.24 75.81
BRID,STRONG_SELL,0,16,10,12.2,-1.9461019953576795,-1.7396907216494952,12.67427418,12.07319582,america,NASDAQ,1h,  -32.71 73.43 93.63 93.38 75.88 145.5 160.76 116.75
INPX,STRONG_SELL,1,16,9,0.2211,-2.1940947793631977,-1.7333333333333485,0.23076088,0.21696912,america,NASDAQ,1h,  -6869.53 -431.24 -963.24 -1750.88 -1471.09 -5363.33 -7500.19 -7520.08
CHCI,STRONG_SELL,1,16,9,4.1105,-2.5959408063885405,-1.731796296384843,4.29669402,4.09524598,america,NASDAQ,1h,  -10.18 -9.92 -8.92 -7.69 -6.49 251.04 301.44 294.65
GRNA,STRONG_SELL,0,17,9,0.1771,-5.816258209168737,-1.7203107658157535,0.2019766,0.1691935,america,NASDAQ,1h,  -11002.75 -10081.64 -8372.13 -6976.59 -4895.82 -3224.38 -2137.71 -927.06
BWEN,STRONG_SELL,1,17,8,4.255,-2.070444837236721,-1.7162127826669433,4.43860065,4.14196935,america,NASDAQ,1h,  3192.07 4752.56 5056.58 4617.85 2801.52 2811.15 2757.13 1712.79
RNXT,STRONG_SELL,0,16,10,2.02,-4.752474313817018,-1.7012496593607551,2.26228285,1.96423715,america,NASDAQ,1h,  -666.77 -638.24 -1900.14 -2243.63 -2331.38 -2155.34 -1887.38 -1606.18
GIFI,STRONG_SELL,0,17,9,3.21,-5.413714416783009,-1.699586587046383,3.54113535,3.11735465,america,NASDAQ,1h,  -2931.62 -2547.95 -2406.28 -2007.59 -1614.26 -1139.56 -841.76 -899.55
INFI,STRONG_SELL,0,17,9,0.161,-4.937167896372301,-1.6793893129770936,0.17401533,0.15845477,america,NASDAQ,1h,  -4209.1 -4398.86 -4088.45 -4543.38 -4316.45 -3831.21 -7413.07 -8556.05
NVEI,STRONG_SELL,1,16,9,32.43,-0.8657257995429575,-1.6575688040705217,33.78085462,31.78726538,america,NASDAQ,1h,  2485.65 3332.24 2487.6 1364.51 784.89 3.04 -1068.34 -2253.17
DMAT,STRONG_SELL,0,17,9,18.61,-2.8499100012476646,-1.6336426684821248,19.48186216,18.60110784,america,NASDAQ,1h,  10.3 -182.48 -244.76 -235.25 -209.98 -180.55 -311.19 -336.34
VSTA,STRONG_SELL,1,16,9,3.27,-4.776695921003196,-1.6278041340388967,3.48648899,3.23611101,america,NASDAQ,1h,  44.37 35.64 -162.09 -349.15 -296.57 -248.1 -1319.67 -1573.48
PSCD,STRONG_SELL,1,16,9,85.5,-1.6751412638161725,-1.6244167507269793,88.22627891,85.24338109,america,NASDAQ,1h,  194.36 192.83 174.67 215.0 282.9 409.06 423.48 452.29
EVBG,STRONG_SELL,0,16,10,24.28,-0.35567716821400097,-1.604798184470738,25.21789673,23.57910327,america,NASDAQ,1h,  2806.99 3027.03 3392.71 2009.84 1208.65 -937.33 -940.29 -2261.27
CODX,STRONG_SELL,0,17,9,1.32,-2.226567708101854,-1.599749526635165,1.37637482,1.32230518,america,NASDAQ,1h,  -749.26 -811.9 -330.04 -380.68 -545.61 -563.48 -595.29 -821.14
SISI,STRONG_SELL,0,17,9,0.52,-2.3119199183177415,-1.5897047691142916,0.54459998,0.51598002,america,NASDAQ,1h,  -728.44 -650.21 -559.09 -512.36 -607.34 -590.99 -660.71 -629.16
CARV,STRONG_SELL,1,16,9,3.81,-2.977644113849749,-1.5887857709265774,4.06232639,3.77642361,america,NASDAQ,1h,  -335.63 -546.25 -413.73 -331.82 -268.14 -217.72 509.98 761.31
VNET,STRONG_SELL,1,17,8,2.76,-0.23663688998965426,-1.5691868758915746,2.87312885,2.64987115,america,NASDAQ,1h,  -22285.34 -15191.89 -4514.71 -1239.76 7472.34 20477.8 17465.01 3935.41
FDBC,STRONG_SELL,0,17,9,38.89,-2.3413631074563597,-1.559655506888049,40.89900558,38.69265442,america,NASDAQ,1h,  -360.1 -307.18 -251.56 -202.44 -165.43 -135.26 -116.02 -90.34
JBLU,STRONG_SELL,0,16,10,6.9,-2.4811711387225728,-1.549243926729801,7.16450242,6.87765758,america,NASDAQ,1h,  -152768.77 -50876.9 5303.85 -6540.78 -36630.48 -92307.28 -140541.2 -245370.02
NYMX,STRONG_SELL,1,16,9,0.4044,-1.6176237576214447,-1.5490205052648491,0.43784318,0.38887442,america,NASDAQ,1h,  3754.25 3689.89 3328.11 2877.56 2336.19 1902.34 1584.37 1310.26
GSMG,STRONG_SELL,0,16,10,0.5801,-6.798118861173592,-1.5264002102218797,0.66621815,0.55065885,america,NASDAQ,1h,  -1899.07 -276.43 -315.81 -303.21 -389.17 14644.42 19571.4 19807.76
VTRS,STRONG_SELL,0,15,11,9.24,-1.5013231223862817,-1.5181551920396004,9.59321399,9.21722601,america,NASDAQ,1h,  -172327.21 -168966.13 -145069.66 -126805.1 -124902.68 -127060.77 -121085.88 -143279.4
BIRD,STRONG_SELL,1,16,9,1.17,-2.2950908218488735,-1.5151515151515156,1.21559465,1.14935535,america,NASDAQ,1h,  751.48 5013.04 4003.85 3227.02 3705.44 4854.31 1636.59 -2925.92
EVMT,STRONG_SELL,1,16,9,20.2417,-3.4077253167723853,-1.513566534551515,20.87558795,20.28596205,america,NASDAQ,1h,  142.92 118.14 97.26 79.88 -125.4 -197.98 -209.67 -195.4
BBIO,STRONG_SELL,1,16,9,13.64,-1.4851142855696935,-1.5000303299026854,14.21293716,13.45478284,america,NASDAQ,1h,  -10566.72 -1001.12 -174.39 -2922.16 -9852.08 -20690.02 -21761.52 -24358.96
PODD,STRONG_SELL,1,15,10,296.52,-2.253105692282489,-1.495080899805842,310.28671025,293.57950975,america,NASDAQ,1h,  -2507.44 -2966.49 -3339.29 -4657.69 -5694.39 -6290.32 -4273.67 -5228.05
AGNC,STRONG_SELL,0,16,10,9.015,-1.7976351918486841,-1.486176374166746,9.2714577,9.0537023,america,NASDAQ,1h,  -115646.87 -60761.81 -6459.66 -2381.53 -49107.25 -139472.57 -130243.35 -176303.82
HOTH,STRONG_SELL,0,16,10,1.5514,-1.400543817248149,-1.477144272414364,1.62044317,1.54008683,america,NASDAQ,1h,  280.59 582.84 653.51 819.96 -528.9 -1213.35 -1383.04 -1221.28
LIVN,STRONG_SELL,1,16,9,44.87,-1.6092202779874611,-1.4723158507262752,46.28986466,44.88613534,america,NASDAQ,1h,  1368.45 1575.97 1384.6 339.41 -1539.39 -2509.47 -2385.59 -3340.99
JZ,STRONG_SELL,0,17,9,1.015,-2.4060354492240066,-1.4563106796116614,1.05654512,1.01271488,america,NASDAQ,1h,  563.08 630.9 107.0 -117.05 -198.07 -213.2 -200.01 -339.98
WINT,STRONG_SELL,1,16,9,1.44,-2.141559261308217,-1.4312996693841455,1.50930551,1.42644449,america,NASDAQ,1h,  -133.72 89.1 411.91 -65.97 -466.62 -101.6 -127.48 -1738.38
MLEC,STRONG_SELL,1,15,10,2.94,-2.05539322532546,-1.4246485319313678,3.11732482,2.84175518,america,NASDAQ,1h,  63.0 50.25 40.47 -31.17 -57.64 -168.87 -199.02 -193.26
EDOC,STRONG_SELL,1,16,9,11.335,-0.9084773737380658,-1.4218388675382556,11.64751867,11.23373133,america,NASDAQ,1h,  433.64 446.3 410.91 290.21 -64.6 -200.69 -283.62 -291.76
SBAC,STRONG_SELL,0,16,10,230.44,-1.4756140301831948,-1.420681807487128,238.08728481,230.48821519,america,NASDAQ,1h,  -551.85 -1781.07 -2735.15 -5551.56 -6133.67 -5610.64 -5368.75 -7282.39
PARAA,STRONG_SELL,1,16,9,17.14,-2.562832458394084,-1.419467642119315,17.84076086,16.98503914,america,NASDAQ,1h,  -825.59 -827.91 -661.0 -844.77 -915.69 -1242.01 -1358.47 -1765.93
NIKL,STRONG_SELL,0,15,9,20.5,-3.669608387405816,-1.412067740008709,21.46384141,20.45946859,america,NASDAQ,1h,  -510.17 -556.38 -524.7 -383.22 -300.69 -239.59 -205.54 -183.11
TRIP,STRONG_SELL,2,16,8,15.65,-1.7216812231729364,-1.398689516129025,16.17269949,15.60279051,america,NASDAQ,1h,  28064.11 17627.82 8654.47 -1089.68 -9893.49 -17569.41 -17585.13 -23810.33
ONDS,STRONG_SELL,1,15,10,0.8861,-1.5880005019556194,-1.3943447247476826,0.94372271,0.86922229,america,NASDAQ,1h,  -5813.25 -4864.24 -4729.66 -4505.37 -2973.49 -3014.4 -2443.86 -2015.77
SNTI,STRONG_SELL,0,17,9,0.945,-1.7153868347687933,-1.3889033819953909,0.98140925,0.94164075,america,NASDAQ,1h,  -1527.0 -709.62 -74.32 308.63 500.52 537.14 439.65 238.22
ISPR,STRONG_SELL,1,16,9,7.45,-7.862369878786453,-1.3703562979330144,9.09300612,6.94650388,america,NASDAQ,1h,  1293.33 909.36 -13.84 -1267.98 -4024.3 -4547.41 -4348.0 -3841.57
SILK,STRONG_SELL,1,16,9,31.505,-0.8367213010713925,-1.3681046897501687,32.66458252,30.41041748,america,NASDAQ,1h,  -3786.12 -1389.98 -1716.75 -3919.59 -9287.75 -8976.3 -8342.66 -10421.69
SGLY,STRONG_SELL,1,16,9,0.5301,-0.02641633628329032,-1.3638985542303175,0.5500623,0.5141079,america,NASDAQ,1h,  291.31 352.65 345.68 -392.41 -658.68 -707.73 -783.73 -743.57
PETV,STRONG_SELL,0,16,10,1.99,-6.7063594383629095,-1.3630731102850007,2.20368469,1.94265531,america,NASDAQ,1h,  -205.23 -175.89 -147.9 -300.97 -208.64 -151.9 -111.06 -84.26
PGJ,STRONG_SELL,1,16,9,25.67,-1.6276215104059588,-1.331391992275627,26.6511155,25.3736245,america,NASDAQ,1h,  219.26 138.0 132.31 110.63 8.03 -39.13 -54.87 -158.45
MGIH,STRONG_SELL,1,16,9,1.69,-5.1604324363285485,-1.3248165167076422,1.82335809,1.66493191,america,NASDAQ,1h,  -5183.8 -4925.19 -3367.3 -2322.04 -1697.98 -1288.32 -1041.26 -1089.58
OFLX,STRONG_SELL,1,15,10,103.01,-0.4772730386199555,-1.3170783532434598,106.12376825,101.71946175,america,NASDAQ,1h,  -12.78 -509.07 -650.65 -748.69 -1347.87 -1587.51 -1560.72 -1371.6
SCYX,STRONG_SELL,1,15,10,2.77,-1.863761981402817,-1.3118048182640791,2.85146098,2.76435902,america,NASDAQ,1h,  1326.7 2078.18 2615.73 1726.02 1118.38 -257.9 -797.48 -740.38
ESCA,STRONG_SELL,0,16,10,11.75,-2.340232803613759,-1.3019739605207832,12.43295567,11.64684433,america,NASDAQ,1h,  216.29 91.82 -276.39 -402.02 -412.41 -423.72 -368.68 187.53
EMXF,STRONG_SELL,0,17,9,34.53,-1.0782367060645868,-1.30112161714095,35.26229633,34.52979367,america,NASDAQ,1h,  -123.14 -101.04 -63.72 -42.66 -30.17 -22.31 -80.71 -97.26
MCHI,STRONG_SELL,2,16,8,45.61,-1.7470541349820223,-1.2877394221404614,47.32783149,45.38266851,america,NASDAQ,1h,  -24806.89 -16400.37 -14403.02 -35108.0 -58347.32 -80235.19 -98700.46 -139714.39
MATH,STRONG_SELL,0,16,10,0.9752,-1.3454729387961635,-1.2665660973362662,1.01447352,0.95450648,america,NASDAQ,1h,  361.36 315.7 268.32 224.54 152.49 109.15 81.5 62.78
CXSE,STRONG_SELL,1,15,10,31.39,-1.5050987349413987,-1.2653386293779505,32.46555633,31.23325367,america,NASDAQ,1h,  -359.63 -518.19 -383.22 -293.17 -293.63 -267.13 -295.95 -392.21
LANDO,STRONG_SELL,1,16,9,22.205,-1.7840463766524124,-1.2626639915763178,23.04323217,22.14403783,america,NASDAQ,1h,  -164.43 -118.64 -28.03 -4.96 -94.34 -122.33 -226.07 -448.73
SENEB,STRONG_SELL,0,16,10,48.45,-13.625750335001001,-1.2442410309081993,63.11528435,42.67316565,america,NASDAQ,1h,  10.3 8.51 7.01 5.75 -154.69 -206.26 -208.61 -190.61
DAX,STRONG_SELL,0,18,8,29.6237,-1.0042039553271138,-1.2432725798622783,30.41401981,29.62971019,america,NASDAQ,1h,  -75.85 60.44 176.24 207.59 233.68 223.11 198.51 318.35
IBET,STRONG_SELL,1,16,9,10.0,-1.5185511469909159,-1.2293976869900405,10.22486507,9.96799493,america,NASDAQ,1h,  67.12 55.08 45.14 -320.03 -440.32 -449.5 -336.03 -259.06
FDNI,STRONG_SELL,0,17,9,22.51,-1.997961592430812,-1.2268320755221964,23.51627377,22.27561623,america,NASDAQ,1h,  405.11 438.62 412.45 364.25 311.42 261.5 5.18 -100.15
SEED,STRONG_SELL,0,17,9,5.83,-2.1454156050367317,-1.2224358920054499,6.10952659,5.78729341,america,NASDAQ,1h,  -537.62 -618.03 -594.75 -562.97 -498.79 -427.19 -267.75 -227.18
VPN,STRONG_SELL,1,16,9,12.45,-1.2500919018597472,-1.2050602053982544,12.82056746,12.43258254,america,NASDAQ,1h,  59.52 73.81 72.95 -29.81 58.14 88.83 -33.96 109.8
SILC,STRONG_SELL,1,15,10,34.3,-0.32551614476479074,-1.1911792242211448,35.22268286,34.15781714,america,NASDAQ,1h,  244.38 82.71 -35.35 -74.71 -417.79 -555.16 -595.89 -507.47
EFOI,STRONG_SELL,0,17,9,0.4503,-1.608174295864245,-1.1904325655971064,0.47064299,0.44395701,america,NASDAQ,1h,  -344.2 -277.54 -192.58 -140.32 -169.82 -166.45 -149.94 -129.55
OMAB,STRONG_SELL,0,16,10,84.12,-4.817761614613687,-1.1893225266496188,91.95519439,82.36080561,america,NASDAQ,1h,  -2280.88 -2198.21 -1806.4 -1388.03 -1178.44 -888.07 -1094.1 -1337.6
GNTX,STRONG_SELL,0,16,10,27.1,-2.579311584434251,-1.181446907817957,28.38511583,27.04688417,america,NASDAQ,1h,  -24925.91 -21190.23 -20096.12 -18284.86 -14656.39 -13463.07 -12964.68 -15159.91
POCI,STRONG_SELL,1,16,9,6.08,-2.198391473352075,-1.176776542487488,6.5407457,5.8808543,america,NASDAQ,1h,  295.62 201.21 145.65 110.32 85.83 78.2 67.96 57.6
ROST,STRONG_SELL,2,16,8,101.9,-1.9785455790777888,-1.1711078243580602,106.37670505,101.31429495,america,NASDAQ,1h,  31952.12 17319.5 8589.25 909.89 -7481.16 -14359.3 -16260.65 -16684.84
KRKR,STRONG_SELL,0,17,9,0.9955,-2.0127332656769994,-1.166051953596181,1.02892441,0.98792059,america,NASDAQ,1h,  -314.92 -313.16 -283.97 -246.21 -208.38 -173.96 -144.07 -120.06
AIA,STRONG_SELL,1,16,9,58.45,-1.0895380822200593,-1.1156589825046552,60.0945772,58.3070928,america,NASDAQ,1h,  124.31 -8.13 -29.43 -35.47 14.92 34.17 -88.64 -190.97
DVOL,STRONG_SELL,0,18,8,25.28,-1.3915185784151873,-1.1151921956104331,25.77989286,25.37794714,america,NASDAQ,1h,  -260.17 -208.37 -390.96 -111.94 12.39 62.12 76.82 75.85
GOODO,STRONG_SELL,0,16,10,15.8,-2.211807986076934,-1.110132643858151,16.36710114,15.76233886,america,NASDAQ,1h,  364.21 302.06 249.17 204.89 168.14 137.83 112.89 239.32
FORA,STRONG_SELL,1,16,9,2.36,-0.5613786301927917,-1.105854449607989,2.44853461,2.28740539,america,NASDAQ,1h,  -780.08 -1963.17 -2189.15 -2353.04 -2397.72 -2261.66 -2000.39 -1501.34
OXLCO,STRONG_SELL,0,17,9,21.12,-1.2692264934323987,-1.1051221646740146,21.80488789,21.13112211,america,NASDAQ,1h,  8.3 139.76 180.84 181.2 260.33 269.03 248.14 217.03
NAAS,STRONG_SELL,0,16,10,6.5,-7.094944678612819,-1.1002219919632523,7.12269816,6.29697184,america,NASDAQ,1h,  -6625.38 -6414.82 -6492.3 -6274.69 -5947.12 -5924.19 -5430.65 -5248.27
ACMR,STRONG_SELL,0,16,10,9.65,-1.5869486956956251,-1.0902620544321309,9.88007216,9.63379784,america,NASDAQ,1h,  -146.33 -1103.94 1501.39 76.5 585.63 93.87 1566.2 422.04
CUE,STRONG_SELL,1,16,9,3.93,-2.2370226469827657,-1.0892763661257163,4.31037911,3.76190089,america,NASDAQ,1h,  -5266.5 -4107.13 -3795.92 -3656.02 -4786.56 -4712.94 -5061.36 -5866.32
VIEW,STRONG_SELL,1,16,9,0.2255,-3.6619852372566015,-1.0834758959512243,0.23982888,0.22306612,america,NASDAQ,1h,  -18751.34 -18428.49 -16516.62 -13507.85 -10899.45 -9799.5 -6369.84 -6813.89
POOL,STRONG_SELL,0,16,10,338.12,-2.0043442644501255,-1.073932401885827,349.27255282,338.29204718,america,NASDAQ,1h,  -858.21 100.93 294.98 182.74 330.16 -2.3 175.26 -2399.57
FRGI,STRONG_SELL,1,15,10,7.35,-1.836612538720388,-1.068327462490089,7.57934273,7.29410727,america,NASDAQ,1h,  -810.08 -645.17 -524.14 -461.66 -394.13 -173.81 -26.45 -6.02
LSXMK,STRONG_SELL,0,16,10,28.0,-1.0256803128265233,-1.0670623984170788,28.54566333,27.91983667,america,NASDAQ,1h,  15298.92 12245.97 12162.58 8683.19 5751.45 2816.57 -2211.24 -8059.26
LSXMA,STRONG_SELL,0,16,10,28.06,-1.0339821065214494,-1.0665491405905811,28.60458756,27.97991244,america,NASDAQ,1h,  10925.41 10012.16 9704.23 7617.08 5610.49 3383.6 1728.51 -2631.26
AADR,STRONG_SELL,0,16,10,47.12,-0.7602623197752223,-1.0554643757674853,48.04979833,47.17220167,america,NASDAQ,1h,  -19.29 -117.6 -147.13 -145.83 -132.05 -114.4 -96.78 -81.41
CBSH,STRONG_SELL,0,17,9,48.76,-0.9885576332142278,-1.036116946245727,49.7858191,48.3321809,america,NASDAQ,1h,  702.48 666.17 1749.92 329.78 -956.72 -2006.37 -2253.37 -4177.47
BIVI,STRONG_SELL,1,17,8,6.8398,-2.30541216118678,-1.035826367778398,7.40525519,6.47302481,america,NASDAQ,1h,  6714.8 9195.96 4838.28 1668.98 -1209.46 -1794.48 -1110.86 -2084.59
CTAS,STRONG_SELL,2,16,8,460.57,-1.6229511047035459,-1.0331386528800266,476.18905556,459.80445444,america,NASDAQ,1h,  807.72 10.8 -198.5 -895.12 -1596.04 -2386.71 -1953.29 -2990.01
GIPR,STRONG_SELL,1,16,9,4.16,-4.538184270782779,-1.0221367797932857,4.55086862,4.05536138,america,NASDAQ,1h,  -220.95 -210.32 -186.86 -192.09 -176.77 -154.43 -305.93 -192.97
MLAB,STRONG_SELL,0,17,9,155.34,-1.4579766228175544,-1.0217052633591095,160.7126101,154.9253799,america,NASDAQ,1h,  508.69 979.11 791.25 342.42 -6.0 -289.73 -579.78 -962.0
STHO,STRONG_SELL,0,17,9,16.01,-1.8622270715590474,-0.9986705005719898,16.53227655,15.95072345,america,NASDAQ,1h,  -17119.07 -14516.82 -12875.06 -8951.75 -6574.0 -4934.93 -6201.49 -6089.97
DSWL,STRONG_SELL,0,17,9,2.67,-0.9947495068342675,-0.9959730946359997,2.77623622,2.61612378,america,NASDAQ,1h,  -4.73 0.25 2.27 -49.61 -68.55 -70.07 -64.32 -56.12
FCFS,STRONG_SELL,0,18,8,99.05,-2.440907802865837,-0.9868328981618788,102.85394924,98.86475076,america,NASDAQ,1h,  -1131.72 -713.82 -73.57 -138.41 -364.43 -713.74 -879.99 -1353.17
ENZL,STRONG_SELL,3,16,7,50.06,-1.018707181002398,-0.9828333981777746,51.44714222,49.89024778,america,NASDAQ,1h,  -30.43 -75.18 -51.34 -36.92 -27.66 -21.36 -16.84 -46.23
RFDI,STRONG_SELL,1,15,10,56.87,-0.7532999571829322,-0.9527140210341827,57.80996908,56.79752092,america,NASDAQ,1h,  -126.14 -113.79 -98.39 775.94 2113.09 2468.0 2388.83 2139.27
SHC,STRONG_SELL,0,16,10,14.56,-2.1823108314239903,-0.9287925696594357,15.03628794,14.44321206,america,NASDAQ,1h,  -15884.95 -17517.06 -14830.19 -14941.39 -15450.79 -12613.25 -11609.26 -15032.19
ELSE,STRONG_SELL,0,17,9,4.42,-2.0996161523079024,-0.9237404201999198,4.58875901,4.36630099,america,NASDAQ,1h,  -56.98 -63.64 -60.58 -53.82 -47.44 -49.1 -45.32 -71.47
IPKW,STRONG_SELL,0,16,10,33.6442,-1.1227320948757153,-0.9162337201456836,34.21730928,33.75649072,america,NASDAQ,1h,  193.3 181.46 160.61 137.48 116.16 -571.3 -800.6 -757.99
ERIC,STRONG_SELL,1,15,10,5.21,-0.8533713982296689,-0.9128946367440136,5.31473421,5.21744579,america,NASDAQ,1h,  299944.25 273386.74 189316.46 137713.48 81168.87 -1319.1 -76487.52 -170248.23
AMSF,STRONG_SELL,1,16,9,53.64,-1.5557278269142643,-0.9061434865741091,54.98003185,53.68110815,america,NASDAQ,1h,  -788.68 -1085.8 -1272.44 -1376.52 -1240.82 -1461.33 -1670.84 -1741.68
FOXF,STRONG_SELL,1,16,9,95.5,-1.0680745882858247,-0.9022564193027875,97.71684663,94.38326337,america,NASDAQ,1h,  973.99 1932.53 2670.33 1852.49 1795.9 1212.13 1135.41 -904.9
COMM,STRONG_SELL,0,16,10,4.205,-1.3616240799915857,-0.8955927409851654,4.3572478,4.1848922,america,NASDAQ,1h,  -28352.28 -9418.2 5550.1 -4818.06 -18262.25 -26569.77 -35633.19 -59593.9
GENY,STRONG_SELL,2,16,8,40.68,-1.4537668941137696,-0.887094612867628,41.72869768,40.55814232,america,NASDAQ,1h,  30.8 25.7 21.27 18.8 16.08 13.51 12.18 10.53
ICCM,STRONG_SELL,1,15,10,1.18,-4.139598999857569,-0.8778193120248687,1.29917505,1.14002495,america,NASDAQ,1h,  -1105.43 2530.05 3787.28 3836.08 3973.76 3780.84 3358.2 2832.6
VTGN,STRONG_SELL,1,15,10,0.1315,-4.613375888582624,-0.8744157997889346,0.14177931,0.12838569,america,NASDAQ,1h,  -6814.04 -33293.13 -43328.37 -42533.54 -39498.17 -34175.37 -30921.07 -33615.85
QCOM,STRONG_SELL,1,15,10,103.53,-1.6538517055197985,-0.87416102563121,106.43293668,103.44451332,america,NASDAQ,1h,  87115.89 94677.5 70052.29 31106.55 2026.48 -24129.01 -22115.79 -57946.09
PDP,STRONG_SELL,2,16,8,74.35,-1.3780935742157396,-0.8656092331651593,76.43555504,74.25574496,america,NASDAQ,1h,  -153.37 -116.21 -140.71 -382.31 -446.39 -521.75 -590.42 -608.75
CRAI,STRONG_SELL,0,16,10,97.15,-0.6950359341441867,-0.8591526442491642,99.18516811,96.61643189,america,NASDAQ,1h,  33.76 -375.11 -497.92 -397.54 -338.52 -369.19 -318.9 -308.5
BSMW,STRONG_SELL,2,14,8,24.85,-2.2032024614096173,-0.8577697985238331,25.84500888,24.75349112,america,NASDAQ,1h,  21.05 17.22 14.09 11.53 9.44 7.72 6.32 -408.47
UEVM,STRONG_SELL,1,16,9,41.2301,-1.109862998125962,-0.8558407021976819,41.80438107,41.33345893,america,NASDAQ,1h,  211.55 254.32 248.7 223.79 410.89 450.08 488.83 460.25
DGRE,STRONG_SELL,0,17,9,21.91,-0.6937837753313545,-0.8552871825479968,22.2576117,21.9180883,america,NASDAQ,1h,  -219.09 -181.23 -149.27 -218.71 -241.7 -229.13 -203.16 -174.07
FTC,STRONG_SELL,2,16,8,92.43,-1.2871579288454171,-0.8530414238631607,94.89853127,92.35801873,america,NASDAQ,1h,  537.92 320.57 220.01 158.87 25.55 -31.31 43.99 70.8
LDEM,STRONG_SELL,0,17,9,44.28,-1.0917802682053832,-0.8521164983152829,45.13825927,44.31196073,america,NASDAQ,1h,  264.28 204.79 161.84 65.92 20.69 -321.38 -432.1 -438.11
HUBC,STRONG_SELL,1,15,10,0.598899,-5.374721625996486,-0.842878332899275,0.66312802,0.57379198,america,NASDAQ,1h,  -549.5 -792.08 3043.93 6771.85 7500.05 6210.58 9667.22 9915.79
RPRX,STRONG_SELL,0,17,9,33.06,-1.1995321173244946,-0.8294212049855219,33.85927179,33.07736821,america,NASDAQ,1h,  -17431.86 -5310.57 12553.69 21609.33 17147.42 7143.99 6861.68 -11643.61
REG,STRONG_SELL,1,15,10,57.54,-0.8694453753506224,-0.8264462809917319,58.55723259,57.32226741,america,NASDAQ,1h,  -790.09 -1414.32 -3637.9 -8831.73 -11507.45 -12772.21 -8699.86 -7005.46
DHCA,STRONG_SELL,0,17,9,10.12,-0.3805946584116242,-0.8183466457588224,10.33259621,10.07590379,america,NASDAQ,1h,  -295.72 -199.17 -141.57 221.01 349.24 369.95 376.93 345.51
NECB,STRONG_SELL,1,15,10,12.93,-0.6609796381030151,-0.8132089496709511,13.19909858,12.84400142,america,NASDAQ,1h,  -721.37 -376.1 -341.11 -448.33 -621.34 -699.27 -637.03 -1474.89
CME,STRONG_SELL,0,16,10,179.09,-1.1755778194422533,-0.7889574104372343,182.71560797,179.18207203,america,NASDAQ,1h,  7339.51 3527.89 5904.66 3518.04 841.69 600.56 -1532.77 -5416.79
ESGE,STRONG_SELL,1,16,9,30.88,-0.8744003643941909,-0.7887423495204899,31.50695742,30.84824258,america,NASDAQ,1h,  1237.52 12572.42 15731.77 13228.71 7258.4 1758.77 -4533.03 -9770.72
UNIY,STRONG_SELL,2,12,8,48.82,-1.2660275856489847,-0.7764113701858975,49.92428286,48.77571714,america,NASDAQ,1h,  184.04 158.33 133.42 111.1 91.87 75.65 62.14 114.6
FEMS,STRONG_SELL,0,17,9,35.58,-0.6536254306615064,-0.7694965767149853,36.06395725,35.66954275,america,NASDAQ,1h,  1754.97 1921.95 1597.91 1224.62 1205.91 932.39 735.74 451.59
BTTX,STRONG_SELL,1,15,10,0.78,-0.927429761453439,-0.7684087323800242,0.80195237,0.77078263,america,NASDAQ,1h,  -6618.08 -6460.63 -6477.08 -6677.71 -7332.53 -7901.0 -7330.0 -6430.05
BLLD,STRONG_SELL,0,9,6,46.62,-2.1430230233871725,-0.7683957344458463,49.65398197,45.79366803,america,NASDAQ,1h,  nan nan nan nan nan nan nan 0.0
AAON,STRONG_SELL,0,16,10,89.93,-1.2532806684163518,-0.7675097400777275,91.97288061,89.91967939,america,NASDAQ,1h,  -1260.35 244.03 1113.45 725.8 -167.58 -898.75 -762.38 -1841.29
AAXJ,STRONG_SELL,2,16,8,65.63,-0.7710916238282408,-0.7605885110308037,66.99528989,65.44271011,america,NASDAQ,1h,  -2698.95 -1518.21 -4706.45 -7415.92 -9550.85 -10781.13 -12497.87 -14171.85
DTOCU,STRONG_SELL,0,17,9,9.92,-2.4662663064211046,-0.760304121648673,10.84097475,9.45502525,america,NASDAQ,1h,  348.54 271.75 164.4 105.54 71.87 51.56 38.56 29.74
CIZ,STRONG_SELL,0,17,9,31.4,-0.6026832843785712,-0.7431304921212529,31.81556629,31.32803371,america,NASDAQ,1h,  31.72 185.1 219.56 213.7 191.87 165.5 139.67 24.13
LYT,STRONG_SELL,1,16,9,0.569,-0.9087710592589531,-0.7309967026640436,0.59539406,0.55842604,america,NASDAQ,1h,  74.05 85.99 -383.72 -540.99 -492.51 -924.07 -1016.62 -1280.24
JOET,STRONG_SELL,1,16,9,27.07,-0.9026873054405513,-0.7083197771640926,27.55248367,27.10925633,america,NASDAQ,1h,  -411.2 -324.76 -330.51 -302.82 -265.55 -226.16 -207.63 -181.17
CFA,STRONG_SELL,1,17,8,67.38,-0.8365609036146964,-0.7041048640104606,68.45599141,67.50919859,america,NASDAQ,1h,  -297.31 -259.01 -219.79 -183.77 -612.57 -732.31 -937.44 -1138.82
WHF,STRONG_SELL,1,15,10,11.65,-0.4315771494510301,-0.6967423417157192,11.87787993,11.52420007,america,NASDAQ,1h,  4192.03 4187.31 2210.39 259.21 -1491.12 -1928.42 -1887.14 -1706.36
ICLN,STRONG_SELL,1,15,10,18.64,-0.5850406621023865,-0.6952398710742784,18.930773,18.556797,america,NASDAQ,1h,  16678.05 28115.58 30238.61 18005.48 12751.61 -3900.67 7070.01 -1997.49
JOUT,STRONG_SELL,1,16,9,60.35,-2.0007914633677046,-0.6901499767975281,62.79772896,59.80016104,america,NASDAQ,1h,  29.34 -3.06 -132.3 -157.55 -161.65 -113.94 -90.46 -142.89
MEDS,STRONG_SELL,1,16,9,0.3,-3.0955700236740853,-0.6876059125302731,0.32285141,0.28744569,america,NASDAQ,1h,  999.32 804.33 1701.44 1913.77 1618.24 1350.23 1254.66 1101.5
FDT,STRONG_SELL,0,17,9,50.41,-0.5597860105142587,-0.6834147410163922,51.2552026,50.3080074,america,NASDAQ,1h,  -527.82 -257.56 176.78 338.39 373.74 527.64 469.93 499.06
VXUS,STRONG_SELL,2,16,8,55.49,-0.8775141472014099,-0.6759014749333261,56.60633853,55.45129147,america,NASDAQ,1h,  22887.64 30723.27 27727.86 16597.56 1561.53 -10450.95 -14415.06 -27640.76
NKSH,STRONG_SELL,0,16,10,27.13,-3.466156805341342,-0.6733199311266702,28.71878203,26.70011797,america,NASDAQ,1h,  -593.95 -573.45 -473.88 -399.3 -334.39 -306.4 -259.0 -240.83
ECOW,STRONG_SELL,0,16,10,18.79,-0.8957010149524365,-0.6731915410985181,19.04826132,18.82307868,america,NASDAQ,1h,  -860.18 -659.68 -517.68 -412.53 -332.01 -332.52 -362.96 -412.41
PANW,STRONG_SELL,1,16,9,189.8899,-0.2134096243005814,-0.672200933406657,193.05017387,187.98480613,america,NASDAQ,1h,  -1401.16 25119.47 56591.02 45128.7 13716.23 -20422.67 -47265.38 -46657.81
NWE,STRONG_SELL,0,17,9,57.66,-0.7777059241181803,-0.6701235163396433,58.5941573,57.6291627,america,NASDAQ,1h,  -2089.12 -1855.33 -1621.48 -845.51 -2202.48 -2940.04 -2601.45 -3947.8
FIVR,STRONG_SELL,1,16,9,20.82,-0.2022797212182894,-0.667417624806248,21.19108847,20.80622153,america,NASDAQ,1h,  -2.47 -2.02 -1.65 -1.35 -1.1 -0.9 -0.74 -0.61
LYFT,STRONG_SELL,1,16,9,8.11,-1.2529470500902704,-0.6650906997538186,8.28373921,8.02697079,america,NASDAQ,1h,  -62695.37 141542.92 166331.15 76022.69 -68573.5 -161234.72 -165648.87 -205616.56
CHEF,STRONG_SELL,2,16,8,32.09,-2.2797335153289566,-0.6621491522695351,33.31565207,31.91224793,america,NASDAQ,1h,  -4352.32 -4154.06 -4126.96 -4509.63 -4256.22 -4227.79 -2828.31 -3004.2
UTRE,STRONG_SELL,0,10,5,49.75,-0.8290557976482802,-0.6620995858957315,50.51036641,49.82259359,america,NASDAQ,1h,  nan 0.0 0.0 0.0 -294.42 -451.74 -411.39 -357.49
IFBD,STRONG_SELL,0,17,9,1.23,-5.24223601297787,-0.656635409851944,1.38590657,1.14572343,america,NASDAQ,1h,  -30896.59 -19399.1 -9275.17 -12473.36 -9949.65 -8569.53 -3986.8 -2290.04
PINC,STRONG_SELL,1,15,10,26.33,-1.2216551544063492,-0.6520065804367903,26.90388158,26.30653842,america,NASDAQ,1h,  -5090.83 -3381.83 -3360.07 -5279.35 -5680.48 -5200.46 -4978.05 -6974.49
ESGD,STRONG_SELL,2,16,8,72.94,-0.9148823020805139,-0.6474262657203269,74.4936947,72.8717453,america,NASDAQ,1h,  -1062.87 -876.89 -2077.98 -2736.47 -2645.0 -2996.91 -2729.04 -3773.65
EFRA,STRONG_SELL,0,12,10,27.38,-0.6474246346488712,-0.6422329297332396,28.1154197,26.9945503,america,NASDAQ,1h,  0.0 0.0 31.5 41.52 41.85 38.18 33.2 28.15
ULVM,STRONG_SELL,0,17,9,61.9,-1.6890165720812576,-0.6260239412617921,63.89557091,61.43348909,america,NASDAQ,1h,  8.55 7.0 5.73 4.69 3.84 -92.31 -185.94 -207.34
UTMD,STRONG_SELL,0,17,9,92.5,-0.5878001563297204,-0.6159874816972177,94.81519314,91.67859686,america,NASDAQ,1h,  -78.85 -68.32 -57.22 -51.93 -44.41 69.81 67.67 33.98
URBN,STRONG_SELL,1,16,9,26.67,-2.413440856509368,-0.6056088698406654,27.3390683,26.4944317,america,NASDAQ,1h,  -4797.49 -10486.94 -17423.53 -23619.59 -23321.09 -24726.07 -16069.68 -24371.87
EFAS,STRONG_SELL,2,16,8,13.62,-1.5333185368227191,-0.604110990616519,13.97643057,13.55593943,america,NASDAQ,1h,  -225.48 -195.58 -165.57 -140.15 -117.01 -96.91 -81.78 -68.16
XELA,STRONG_SELL,1,17,8,4.81,-11.32529054333078,-0.5982702859091376,5.38145828,4.35029172,america,NASDAQ,1h,  -44997.06 -16015.63 -39550.34 -47119.83 -42638.12 -39472.37 -32944.59 -27279.17
NTGR,STRONG_SELL,0,16,10,13.85,-0.9693326927596075,-0.5971349008124491,14.09373964,13.84646036,america,NASDAQ,1h,  -2302.37 -2633.83 -2529.99 -2547.5 -2529.58 -2473.96 -2024.18 -2662.97
SCZ,STRONG_SELL,2,16,8,59.7,-0.9721756749748636,-0.5936076860955808,60.91895453,59.63169547,america,NASDAQ,1h,  19366.21 18882.89 6845.46 -3418.86 -10014.66 -15333.2 -15271.33 -16220.22
HURC,STRONG_SELL,1,15,10,21.4,-1.5497480621939275,-0.5853386602248491,22.04571591,21.27768409,america,NASDAQ,1h,  206.43 226.62 263.6 223.9 153.26 393.29 462.93 515.2
AZPN,STRONG_SELL,1,15,10,168.79,-0.5876942478326015,-0.5831075509482986,172.22482765,167.92417235,america,NASDAQ,1h,  320.78 1078.63 1053.95 667.36 124.32 -26.2 445.97 365.22
SYPR,STRONG_SELL,0,16,10,1.91,-1.1555997164045522,-0.5793465304274008,1.96706955,1.88950045,america,NASDAQ,1h,  -217.3 -177.75 -85.28 -39.69 -17.44 -6.75 -1.76 6.8
IUS,STRONG_SELL,2,16,8,38.34,-0.7130755578749159,-0.5675997682504033,38.8837247,38.3676453,america,NASDAQ,1h,  -1929.27 -100.13 657.26 976.4 859.1 144.38 -161.13 -429.92
CWBC,STRONG_SELL,1,16,9,10.53,-1.7193666664947216,-0.5665722379603437,10.87500922,10.44212078,america,NASDAQ,1h,  -565.61 -447.65 -368.32 -299.4 -301.64 -326.68 -251.01 -197.24
MERC,STRONG_SELL,1,16,9,9.13,-0.6443426584004328,-0.5663254192986216,9.42417161,8.94807839,america,NASDAQ,1h,  -1411.58 -582.79 2199.74 383.52 -2221.98 -3903.68 -3319.59 -6059.64
VIGI,STRONG_SELL,2,16,8,75.26,-0.7703417503183516,-0.5634561320479179,76.76689915,75.14846085,america,NASDAQ,1h,  -482.34 -489.79 -1039.04 -1981.92 -3157.6 -4717.46 -5023.91 -5066.74
APOG,STRONG_SELL,0,16,10,38.8,-0.3154024007986749,-0.5599907736074101,39.2313942,38.6143958,america,NASDAQ,1h,  -539.83 -423.67 171.78 295.46 339.31 117.99 192.05 12.34
MCFT,STRONG_SELL,0,16,10,28.01,-0.8798490963681616,-0.5591550545841812,28.44448973,27.64151027,america,NASDAQ,1h,  556.29 953.79 1204.91 909.83 755.79 447.12 182.77 -101.72
METCL,STRONG_SELL,0,16,10,25.35,-0.32471467380422325,-0.5467379330042093,25.60086723,25.28146277,america,NASDAQ,1h,  779.73 741.67 722.82 608.36 573.04 506.5 433.23 363.88
ODP,STRONG_SELL,0,16,10,41.03,-0.454903863650145,-0.5405667466608435,41.73882271,40.74167729,america,NASDAQ,1h,  1236.16 1493.66 1046.79 205.91 -324.77 -1548.03 -1757.13 -3233.5
HOLX,STRONG_SELL,0,16,10,80.42,-0.9884330515018718,-0.5404603188344765,82.72627534,79.92672466,america,NASDAQ,1h,  -2612.53 -7703.08 -11794.08 -14380.38 -18304.51 -14770.16 -4087.14 -3892.91
VONV,STRONG_SELL,2,16,8,66.15,-0.49092647234691356,-0.5397915259902248,66.87924488,66.20638512,america,NASDAQ,1h,  -250.16 -275.12 -260.32 -421.51 -1276.4 -3065.52 -596.88 -551.7
FCEF,STRONG_SELL,1,15,10,18.775,-0.31091668464978284,-0.5390228720516035,18.98977972,18.68723028,america,NASDAQ,1h,  620.42 451.1 340.82 264.72 209.52 167.9 -182.58 -309.36
XOS,STRONG_SELL,1,16,9,0.3818,-1.2701014448414583,-0.52887997290469,0.3898812,0.3762487,america,NASDAQ,1h,  -4258.32 -7198.37 -7712.12 -7879.82 -7073.63 -6269.08 -4907.16 -3319.82
FTRI,STRONG_SELL,1,16,9,12.42,-0.6020166908053142,-0.5277156854657505,12.58041645,12.43313355,america,NASDAQ,1h,  529.97 433.69 241.61 141.06 87.11 57.11 39.65 92.86
GECC,STRONG_SELL,1,16,9,7.86,-1.097864041020486,-0.5189216554866363,8.05476697,7.80796303,america,NASDAQ,1h,  -1982.85 -2023.0 -2490.29 -2645.02 -2128.04 -1935.0 -1765.39 -1285.43
FIVE,STRONG_SELL,2,16,8,184.99,-3.2593427764291363,-0.5184077782677434,191.71204044,183.17615956,america,NASDAQ,1h,  1840.3 6010.76 5033.91 1717.44 -142.54 -1985.32 -5476.97 -2163.81
IVEG,STRONG_SELL,0,16,10,19.69,-3.2496615703626475,-0.5092270238969832,20.75772634,19.37955366,america,NASDAQ,1h,  -81.18 -130.36 -138.63 -129.42 -113.88 -95.26 -78.98 -65.15
ACGL,STRONG_SELL,1,15,10,73.15,-1.615421425225378,-0.5059710018769863,76.67924766,71.89650234,america,NASDAQ,1h,  5668.55 3539.01 -1073.38 -6160.47 -6803.88 -7970.27 -3991.98 -4919.71
NUWE,STRONG_SELL,0,17,9,2.91,-2.600445273946491,-0.49581124978628566,3.0777578,2.8513522,america,NASDAQ,1h,  439.98 117.76 -24.77 19.41 -378.24 -174.03 52.6 140.54
PKW,STRONG_SELL,1,16,9,84.35,-0.5725535691152857,-0.4870530529651944,85.24473205,84.43886795,america,NASDAQ,1h,  355.86 292.4 239.22 189.36 151.74 -29.13 -104.46 -129.28
ALTY,STRONG_SELL,1,16,9,11.05,-0.4302375195594408,-0.4687426815251854,11.18141253,11.03101747,america,NASDAQ,1h,  79.63 65.18 53.34 43.65 35.72 29.22 38.55 107.59
CDL,STRONG_SELL,1,15,10,55.4,-0.17251774640719475,-0.4568384265352563,55.89510752,55.23656248,america,NASDAQ,1h,  209.98 253.3 88.9 13.57 -18.49 -29.92 -31.87 -189.82
FCAL,STRONG_SELL,1,16,9,48.36,-0.8651951147614483,-0.45388581838392383,48.91655037,48.34173963,america,NASDAQ,1h,  1377.81 1270.81 -79.13 -624.19 -1013.15 -1080.16 -1200.29 -1044.86
ASET,STRONG_SELL,0,17,9,29.655,-1.0162950219517342,-0.44404874968400065,30.17892904,29.55430096,america,NASDAQ,1h,  -8.17 -6.68 -5.47 -4.48 -3.66 -3.0 -2.45 30.77
MGEE,STRONG_SELL,0,16,10,75.14,-0.6703583155033073,-0.4346212964435239,76.19616564,74.87383436,america,NASDAQ,1h,  116.83 66.82 473.97 625.91 176.94 -174.91 -615.16 -772.41
VNQI,STRONG_SELL,2,16,8,40.36,-0.44585587378873015,-0.4342065240264219,40.74997492,40.35861508,america,NASDAQ,1h,  -67.44 -695.37 -717.77 -1196.23 -1064.78 -1218.07 -1579.23 -1500.23
BSJU,STRONG_SELL,1,16,9,24.415,-0.7415283513415858,-0.42558224422751323,24.66559032,24.36438968,america,NASDAQ,1h,  110.63 96.48 -190.81 -386.44 -431.34 -410.5 -364.65 -312.75
CDC,STRONG_SELL,1,15,10,58.32,-0.12167391073074896,-0.42454453022222083,58.78198787,58.16588213,america,NASDAQ,1h,  846.81 722.93 805.39 815.55 554.65 47.5 -323.38 -660.48
HYXF,STRONG_SELL,1,15,10,43.59,-0.13849416303413875,-0.4034357730112248,43.94821688,43.45625312,america,NASDAQ,1h,  35.66 45.02 44.76 40.58 35.19 29.78 24.86 59.09
DVY,STRONG_SELL,1,16,9,111.53,-0.056529784927121796,-0.3934249836474777,112.43898139,110.96778861,america,NASDAQ,1h,  2778.98 3799.34 4421.5 3987.2 -1155.44 -5038.95 -5839.59 -7726.7
INDY,STRONG_SELL,1,16,9,42.35,-0.1478801642526122,-0.3878640194378846,42.68823719,42.17991281,america,NASDAQ,1h,  47.58 -5.25 -93.52 -202.26 -230.59 -340.53 -354.55 -325.19
AEP,STRONG_SELL,1,16,9,86.01,-0.5357646414968542,-0.38736701956707975,86.8456836,86.0722064,america,NASDAQ,1h,  -6912.98 -6579.46 -5414.37 -4521.9 -5383.78 -6480.18 -3215.05 -6245.79
XEL,STRONG_SELL,1,16,9,65.59,-0.34060549778590143,-0.37214247740561746,66.14038861,65.59961139,america,NASDAQ,1h,  -3661.3 -1801.73 348.2 -1176.52 -8702.86 -13374.52 -10227.53 -22135.63
TDSE,STRONG_SELL,0,16,10,21.81,-0.5725852039606991,-0.36573677733181853,22.00086081,21.82797919,america,NASDAQ,1h,  647.47 640.15 578.97 501.3 328.5 227.95 370.68 395.37
CENTA,STRONG_SELL,0,17,9,35.08,-0.943903706165969,-0.36213874884613517,35.67801268,34.96798732,america,NASDAQ,1h,  -879.72 -1563.58 2594.34 3065.64 5539.44 4113.27 3194.64 1697.57
VABK,STRONG_SELL,0,17,9,28.5,-1.5626214390206314,-0.35139245817380527,29.36523631,28.25451369,america,NASDAQ,1h,  41.81 -42.51 -73.14 -71.7 -79.23 -60.79 -44.22 -38.43
FVC,STRONG_SELL,0,16,10,32.32,-0.536707863508795,-0.3421114706784891,32.59392591,32.34794409,america,NASDAQ,1h,  119.57 92.52 73.05 172.98 198.14 190.42 169.95 47.17
BTMD,STRONG_SELL,1,16,9,5.4,-2.8979565414409905,-0.33185799873753297,5.80652068,5.13995932,america,NASDAQ,1h,  -800.97 -1157.99 -1190.66 -1060.09 -574.93 -322.6 -216.58 -193.96
FSEA,STRONG_SELL,1,16,9,8.22,-0.28680680438898776,-0.31965618769976345,8.36711132,8.12624868,america,NASDAQ,1h,  -45.22 -124.07 -884.82 -765.59 -521.86 -311.07 -249.17 -201.19
NTIC,STRONG_SELL,0,16,10,11.27,-0.6551296155256523,-0.3045708629271928,11.63161123,11.07874877,america,NASDAQ,1h,  -176.69 -119.15 -91.78 -72.24 -99.36 162.65 263.96 280.42
CRWS,STRONG_SELL,2,16,8,5.14,-0.552764110769516,-0.28130759530506566,5.25032419,5.06599581,america,NASDAQ,1h,  -131.96 -149.71 -143.36 -191.37 -23.38 47.46 -28.41 -23.78
RAYS,STRONG_SELL,0,17,9,18.72,-0.941636526713225,-0.2600059673500681,19.58727954,18.44654046,america,NASDAQ,1h,  1013.01 854.8 616.91 463.51 358.62 283.11 226.48 182.72
PLAY,STRONG_SELL,1,16,9,33.955,-0.7525521982481393,-0.25673865532395723,34.76746666,33.48343334,america,NASDAQ,1h,  1960.28 7067.29 7849.28 3826.33 -1044.27 -4011.35 -6355.7 -4972.98
BSJS,STRONG_SELL,1,16,9,20.8,-0.3969119370794374,-0.25167270271929,20.96738382,20.78588618,america,NASDAQ,1h,  358.64 351.28 316.33 251.33 201.88 -345.79 -729.31 -819.9
CPZ,STRONG_SELL,0,16,10,14.93,-0.5018447701050377,-0.2398786574813414,15.08744409,14.88931591,america,NASDAQ,1h,  -52.86 -106.53 171.15 -112.63 167.15 672.1 948.02 1117.58
DOOO,STRONG_SELL,1,16,9,74.52,-0.8858032080440665,-0.23161474301474527,75.88765999,73.63734001,america,NASDAQ,1h,  -530.16 32.85 418.42 533.02 701.83 655.23 611.98 399.6
FTGC,STRONG_SELL,1,15,10,22.41,-0.36367334811050966,-0.22052999328124656,22.58151514,22.37399486,america,NASDAQ,1h,  1800.83 2292.05 622.13 -532.8 -956.84 -2015.99 3121.28 2013.46
SBRA,STRONG_SELL,2,16,8,10.94,-0.5816066884769242,-0.20979658852503746,11.05767845,10.80532155,america,NASDAQ,1h,  -14084.51 6194.61 28711.28 13432.72 -437.4 -9574.03 -12441.38 -23341.62
TMC,STRONG_SELL,1,17,8,0.73,-0.7136417810487501,-0.20792294411234025,0.73827964,0.72575136,america,NASDAQ,1h,  319.21 4812.73 6429.43 8198.37 6766.53 3139.83 -20.38 272.27
HIBB,STRONG_SELL,1,16,9,46.29,-3.288194432076466,-0.18473048475632936,48.34534907,44.92622093,america,NASDAQ,1h,  844.13 2647.55 4767.3 4647.87 4243.97 3181.57 1920.98 406.77
LSTR,STRONG_SELL,1,16,9,175.12,-0.7763416488590735,-0.16105813771183364,177.54115602,174.49534398,america,NASDAQ,1h,  67.4 -392.86 788.97 1368.72 1325.85 1109.25 803.36 -16.85
SAIA,STRONG_SELL,1,17,8,274.63,-0.8507050197235344,-0.1544274311049918,279.59119084,272.50931916,america,NASDAQ,1h,  141.39 961.15 2259.77 550.55 393.85 -627.2 -681.52 -1507.08
GILD,STRONG_SELL,2,15,9,78.6,-0.015425953365834744,-0.15163993309398904,79.36571822,78.28916178,america,NASDAQ,1h,  -21352.19 -14620.36 -391.51 19500.98 9679.03 -5368.66 -24776.74 -54296.99
BSMS,STRONG_SELL,1,15,10,23.145,-0.8404038188333374,-0.14922610796827485,23.46696281,23.06531719,america,NASDAQ,1h,  189.22 155.16 127.12 104.09 85.21 69.74 57.07 46.7
CLSM,STRONG_SELL,0,16,10,19.92,-0.4934863695557823,-0.1452205301827405,20.0695185,19.9004715,america,NASDAQ,1h,  -37.72 -32.37 -631.79 -915.03 -1347.98 -1402.56 -1297.38 -1136.41
OSA,STRONG_SELL,1,16,9,5.01,-0.2787285174828895,-0.13972465671785983,5.07072499,4.97485501,america,NASDAQ,1h,  264.98 225.41 188.73 156.56 129.17 106.22 87.18 84.51
BRFH,STRONG_SELL,2,17,7,1.23,-3.2318972841992633,-0.1380206219046869,1.36939574,1.16006426,america,NASDAQ,1h,  323.95 216.55 -1215.26 -3281.43 -3828.37 -3704.08 -3316.5 -2856.45
ALYA,STRONG_SELL,1,15,10,1.8501,-1.373762574165582,-0.1349454820252589,1.93302109,1.80407891,america,NASDAQ,1h,  -124.92 -78.64 -58.29 -63.44 -59.78 -52.84 -45.2 9.12
LMBS,STRONG_SELL,1,15,10,47.705,-0.3834799176383399,-0.11308860883005423,47.98832647,47.65987353,america,NASDAQ,1h,  -2305.94 -1400.83 -201.94 -87.67 1080.69 2777.36 -174.13 451.41
BSMR,STRONG_SELL,1,15,10,23.4,-0.6920153834009852,-0.10821609922585651,23.65767331,23.33742669,america,NASDAQ,1h,  -107.75 -120.06 -168.27 -173.65 -160.07 -226.82 -233.51 -215.02
OVLY,STRONG_SELL,2,15,9,23.41,-0.02264899123987618,-0.10241529401724847,23.80660829,23.10471171,america,NASDAQ,1h,  1000.45 822.34 770.04 957.36 898.51 843.18 463.41 187.82
TDSB,STRONG_SELL,1,15,10,20.98,-0.2634920169175672,-0.0952380952380878,21.07989632,20.96454368,america,NASDAQ,1h,  64.71 231.63 278.87 227.34 185.59 533.46 627.27 608.62
PCAR,STRONG_SELL,1,16,9,71.4,-0.12891855750496006,-0.08326394671107096,71.86388204,71.19161796,america,NASDAQ,1h,  -548.77 355.94 4434.23 9840.65 5198.64 -980.19 6415.25 -938.84
TDSA,STRONG_SELL,0,18,8,20.76,-0.4641808337074451,-0.07225026606485585,20.92241782,20.71902218,america,NASDAQ,1h,  -189.68 -189.0 -171.54 -148.8 -138.7 -121.96 -40.39 -3.34
KBWP,STRONG_SELL,1,16,9,83.162,-0.3801260535490627,-0.07006703051213492,84.51752963,82.59678037,america,NASDAQ,1h,  42.9 35.09 16.62 7.55 3.16 1.07 0.12 -160.64
SONO,STRONG_SELL,1,16,9,15.095,-0.2368012858514561,-0.04635147662560257,15.35416187,14.88333813,america,NASDAQ,1h,  7258.28 22767.95 21616.89 28448.83 30758.84 24014.76 19072.66 3040.28
SEVN,STRONG_SELL,2,15,9,9.21,-0.5664438196569535,-0.03267118998024898,9.40268588,9.12871412,america,NASDAQ,1h,  -159.38 -453.25 -458.34 -809.48 -919.0 -1377.25 -1504.74 -1148.38
BSCU,STRONG_SELL,1,16,9,16.16,-0.2873321101760524,-0.027220311301377365,16.23009204,16.13010796,america,NASDAQ,1h,  -3259.6 -2790.29 -2344.63 -1949.17 -1542.42 -1235.8 -998.02 -1382.75
VRIG,STRONG_SELL,0,16,10,24.85,-0.1853700270925316,-0.0028973003598906644,24.96208014,24.78803986,america,NASDAQ,1h,  324.23 133.48 43.31 2.49 125.88 292.5 -262.19 -465.28
BSMN,STRONG_SELL,2,15,9,25.015,-0.19719848632786352,0.0016390434542472576,25.12072416,24.97585584,america,NASDAQ,1h,  -10.29 -29.15 -34.22 -224.09 -281.39 -406.52 -420.76 -388.33
