Symbol,RECOMMENDATION,BUY,SELL,NEUTRAL,ClosePrice,percInc30,percInc10,bbHigh,bbLow,screener,exchange,interval
HIENS4USDT,STRONG_SELL,1,16,9,0.001723,-57.033168997049934,-56.04703961633632,0.00761281,0.00031579,america,Kucoin,Interval.INTERVAL_1_DAY
HMNDUSDT,STRONG_SELL,0,15,9,0.02007,-63.759041505196976,-54.88164017714632,0.07170791,0.03086309,america,Kucoin,Interval.INTERVAL_1_DAY
HIBEANZUSDT,STRONG_SELL,0,16,8,0.001511,-54.47519937813905,-46.44312905398221,0.00395461,0.00198839,america,Kucoin,Interval.INTERVAL_1_DAY
HIRENGAUSDT,STRONG_SELL,2,14,8,0.000616,-59.274612084068835,-43.26241134751773,0.00215827,0.00062063,america,Kucoin,Interval.INTERVAL_1_DAY
HISEALSUSDT,STRONG_SELL,0,16,8,0.001253,-74.31834997960635,-43.236386699284225,0.00743357,8.393e-05,america,Kucoin,Interval.INTERVAL_1_DAY
HYDRAUSDT,STRONG_SELL,0,17,9,0.519,-45.49464398235665,-35.335160727635184,1.19145897,0.62114103,america,Kucoin,Interval.INTERVAL_1_DAY
TOKOBTC,STRONG_SELL,0,15,11,2e-08,-33.33333333333333,-33.33333333333333,3e-08,2e-08,america,Kucoin,Interval.INTERVAL_1_DAY
ILAUSDT,STRONG_SELL,1,17,8,0.000503,-40.853450607339816,-33.07610431080363,0.00103591,0.00059279,america,Kucoin,Interval.INTERVAL_1_DAY
GFTBTC,STRONG_SELL,0,16,8,3.4e-07,-32.0,-32.0,6e-07,4.2e-07,america,Kucoin,Interval.INTERVAL_1_DAY
HICLONEXUSDT,STRONG_SELL,0,17,9,0.002885,-41.486308607495836,-30.6906906906907,0.00581784,0.00325916,america,Kucoin,Interval.INTERVAL_1_DAY
ERSDLUSDT,STRONG_SELL,0,16,10,0.001437,-31.39174027214132,-29.2606084473762,0.00240113,0.00169267,america,Kucoin,Interval.INTERVAL_1_DAY
SWINGBYUSDT,STRONG_SELL,1,17,8,0.001674,-33.42348075087497,-28.105136574471743,0.00309333,0.00195327,america,Kucoin,Interval.INTERVAL_1_DAY
SWINGBYBTC,STRONG_SELL,0,16,10,6e-08,-25.000000000000014,-25.000000000000014,1e-07,7e-08,america,Kucoin,Interval.INTERVAL_1_DAY
PEELBTC,STRONG_SELL,1,16,9,1.8e-06,-8.16326530612244,-22.746781115879827,3.04e-06,1.21e-06,america,Kucoin,Interval.INTERVAL_1_DAY
PEELUSDT,STRONG_SELL,2,16,8,0.05339,-8.4177611564715,-22.026521789928736,0.08981393,0.03545407,america,Kucoin,Interval.INTERVAL_1_DAY
HIFLUFUSDT,STRONG_SELL,0,16,10,0.001662,-38.16113081041661,-20.13455069678038,0.00336781,0.00155229,america,Kucoin,Interval.INTERVAL_1_DAY
LYMBTC,STRONG_SELL,0,16,10,4e-08,-20.0,-20.0,5e-08,4e-08,america,Kucoin,Interval.INTERVAL_1_DAY
NGCUSDT,STRONG_SELL,0,16,10,0.060118,-17.934781644244737,-18.446691500647077,0.0936459,0.04955,america,Kucoin,Interval.INTERVAL_1_DAY
AFKUSDC,STRONG_SELL,1,16,9,0.001734,-70.87721066156094,-17.6989890360245,0.0085423,-0.0006359,america,Kucoin,Interval.INTERVAL_1_DAY
HISAND33USDT,STRONG_SELL,0,17,9,0.00978,-24.078166883641643,-17.586584646498693,0.01363119,0.01067181,america,Kucoin,Interval.INTERVAL_1_DAY
TOKOUSDT,STRONG_SELL,1,16,9,0.000634,-20.934814870240814,-16.391929315574302,0.00087178,0.00068142,america,Kucoin,Interval.INTERVAL_1_DAY
CULTUSDT,STRONG_SELL,0,17,9,2.5e-06,-19.87179487179486,-15.82491582491582,3.57e-06,2.69e-06,america,Kucoin,Interval.INTERVAL_1_DAY
FSNUSDT,STRONG_SELL,1,16,9,0.208,-18.033862496996704,-15.171288743882556,0.28123607,0.22336393,america,Kucoin,Interval.INTERVAL_1_DAY
PLDUSDT,STRONG_SELL,1,16,9,0.00875,-28.19234275969545,-14.534088689197105,0.01320836,0.00883364,america,Kucoin,Interval.INTERVAL_1_DAY
FORESTPLUSBTC,STRONG_SELL,0,16,10,6e-08,-14.285714285714306,-14.285714285714306,8e-08,6e-08,america,Kucoin,Interval.INTERVAL_1_DAY
STNDUSDT,STRONG_SELL,1,17,8,0.00674,-22.002747262284856,-13.821761923027736,0.00977988,0.00696112,america,Kucoin,Interval.INTERVAL_1_DAY
KINGUSDT,STRONG_SELL,0,15,9,0.002093,-26.52273126206775,-13.740520936366636,0.0029887,0.0021863,america,Kucoin,Interval.INTERVAL_1_DAY
BEATUSDT,STRONG_SELL,0,17,9,0.01208,-30.40672888581632,-13.180968808394411,0.02169318,0.01090282,america,Kucoin,Interval.INTERVAL_1_DAY
PRIMALUSDC,STRONG_SELL,1,17,8,0.0012057,-28.727655348529268,-13.150274444268362,0.00197901,0.00115217,america,Kucoin,Interval.INTERVAL_1_DAY
PRIMALUSDT,STRONG_SELL,1,16,9,0.0012147,-28.191819530737348,-12.71574953652474,0.00196616,0.00116101,america,Kucoin,Interval.INTERVAL_1_DAY
REVUUSDT,STRONG_SELL,2,18,6,0.01505,-17.356143403839624,-12.530512611879573,0.01974905,0.01586595,america,Kucoin,Interval.INTERVAL_1_DAY
GLCHUSDT,STRONG_SELL,1,16,9,0.03976,-19.677854865398785,-12.480739599383668,0.05454546,0.04113654,america,Kucoin,Interval.INTERVAL_1_DAY
STNDETH,STRONG_SELL,2,17,7,3.69e-06,-19.43231441048036,-12.142857142857139,5.11e-06,3.79e-06,america,Kucoin,Interval.INTERVAL_1_DAY
HYVEUSDT,STRONG_SELL,0,16,10,0.03121,-32.66596189941964,-12.047343948147102,0.05780536,0.02627064,america,Kucoin,Interval.INTERVAL_1_DAY
CVXBUSD,STRONG_SELL,1,16,9,3.082,-18.955875463285693,-11.912655767691788,4.21279886,3.12520114,america,BINANCE,Interval.INTERVAL_1_DAY
FORESTPLUSUSDT,STRONG_SELL,1,16,9,0.0017251,-19.87980344984534,-11.529703782719295,0.00233284,0.00178329,america,Kucoin,Interval.INTERVAL_1_DAY
CVXUSDT,STRONG_SELL,1,16,9,3.098,-18.551560278813724,-11.528686066767577,4.21618665,3.12631335,america,BINANCE,Interval.INTERVAL_1_DAY
STEPWATCHUSDT,STRONG_SELL,1,16,9,0.0005853,-28.053397580883072,-11.365185129098208,0.0009399,0.00055447,america,Kucoin,Interval.INTERVAL_1_DAY
BUYBTC,STRONG_SELL,0,14,12,8e-08,-20.0,-11.1111111111111,1e-07,8e-08,america,Kucoin,Interval.INTERVAL_1_DAY
KLVBTC,STRONG_SELL,1,14,11,8e-08,-11.1111111111111,-11.1111111111111,1e-07,9e-08,america,Kucoin,Interval.INTERVAL_1_DAY
CWARBTC,STRONG_SELL,1,17,8,2.5e-07,-16.666666666666657,-10.714285714285722,3.4e-07,2.5e-07,america,Kucoin,Interval.INTERVAL_1_DAY
DVPNUSDT,STRONG_SELL,0,16,10,0.0003352,-3.879792389527708,-10.663361850696944,0.0004118,0.00031611,america,Kucoin,Interval.INTERVAL_1_DAY
IGUBTC,STRONG_SELL,1,14,9,1.71e-06,-25.000000000000014,-10.471204188481678,3.11e-06,1.21e-06,america,Kucoin,Interval.INTERVAL_1_DAY
RLTMUSDT,STRONG_SELL,0,14,10,0.01519,-6.616919735428937,-10.457439283187924,0.0188356,0.0139024,america,Kucoin,Interval.INTERVAL_1_DAY
TLOSUSDT,STRONG_SELL,1,16,9,0.10369,-21.776651480921345,-10.408170318656246,0.14800431,0.10227869,america,Kucoin,Interval.INTERVAL_1_DAY
LYMUSDT,STRONG_SELL,2,17,7,0.001218,-13.690476190476204,-10.362084191934073,0.00154384,0.00127226,america,Kucoin,Interval.INTERVAL_1_DAY
ROARUSDT,STRONG_SELL,0,16,10,0.003321,-16.656210003262473,-10.294157370141264,0.00417308,0.00345762,america,Kucoin,Interval.INTERVAL_1_DAY
HIUNDEADUSDT,STRONG_SELL,0,15,9,0.0002594,-39.71647687659772,-10.145831168381292,0.00044347,0.00020553,america,Kucoin,Interval.INTERVAL_1_DAY
GLQUSDT,STRONG_SELL,0,17,9,0.003988,-22.075891984837227,-10.076890121535996,0.00595573,0.00380377,america,Kucoin,Interval.INTERVAL_1_DAY
GMMUSDT,STRONG_SELL,2,16,8,0.0005878,-16.556648637905838,-9.93227299194018,0.00083726,0.0005763,america,Kucoin,Interval.INTERVAL_1_DAY
HYVEBTC,STRONG_SELL,1,16,9,1.1e-06,-28.57142857142857,-9.836065573770483,1.9e-06,9.3e-07,america,Kucoin,Interval.INTERVAL_1_DAY
TOKOKCS,STRONG_SELL,0,16,10,0.0001185,-10.754631721644841,-9.776153494746467,0.00014459,0.00011767,america,Kucoin,Interval.INTERVAL_1_DAY
LYMETH,STRONG_SELL,0,16,10,6.7e-07,-10.666666666666657,-9.459459459459453,8.1e-07,7e-07,america,Kucoin,Interval.INTERVAL_1_DAY
SOLRUSDT,STRONG_SELL,1,17,8,0.01257,-16.883384810091442,-9.398875594637445,0.01653877,0.01269323,america,Kucoin,Interval.INTERVAL_1_DAY
GAFIUSDT,STRONG_SELL,0,17,9,2.539,-21.703466140372512,-9.305233077335245,3.57716853,2.42953147,america,Kucoin,Interval.INTERVAL_1_DAY
ACEUSDT,STRONG_SELL,0,18,8,0.00356,-16.741311043703817,-9.303984510343426,0.00455912,0.00359608,america,Kucoin,Interval.INTERVAL_1_DAY
NOMUSDT,STRONG_SELL,0,14,10,0.1704,-28.00304313897945,-9.09575886903174,0.24571063,0.16283937,america,Kucoin,Interval.INTERVAL_1_DAY
SIMPUSDT,STRONG_SELL,1,14,9,0.00134,-44.073455759599334,-9.090909090909093,0.00264876,0.00092424,america,Kucoin,Interval.INTERVAL_1_DAY
EQZUSDT,STRONG_SELL,1,16,9,0.01524,-23.172588947640918,-8.846222860218916,0.02290741,0.01442759,america,Kucoin,Interval.INTERVAL_1_DAY
PSLUSDT,STRONG_SELL,0,17,9,0.000232,-17.03322247255302,-8.84086444007859,0.0003061,0.0002337,america,Kucoin,Interval.INTERVAL_1_DAY
ASDUSDT,STRONG_SELL,0,17,9,0.05088,-12.765174239048449,-8.755066174097053,0.06377714,0.05208786,america,Kucoin,Interval.INTERVAL_1_DAY
ARNMUSDT,STRONG_SELL,0,16,10,0.003497,-13.830277433487666,-8.388347479828155,0.00440946,0.00357634,america,Kucoin,Interval.INTERVAL_1_DAY
ISPUSDT,STRONG_SELL,0,17,9,0.0005348,-13.823941732867112,-8.098912240303818,0.00067801,0.00053187,america,Kucoin,Interval.INTERVAL_1_DAY
KLVUSDT,STRONG_SELL,0,16,10,0.002428,-13.634261729449008,-7.9361468168202265,0.00296563,0.00248627,america,Kucoin,Interval.INTERVAL_1_DAY
SUPERBUSD,STRONG_SELL,0,16,10,0.0907,-13.682076144971091,-7.862657456318573,0.1125439,0.0917261,america,BINANCE,Interval.INTERVAL_1_DAY
SUPERBTC,STRONG_SELL,0,16,10,3.1e-06,-11.680911680911677,-7.738095238095241,3.72e-06,3.16e-06,america,BINANCE,Interval.INTERVAL_1_DAY
SUPERUSDT,STRONG_SELL,0,16,10,0.0909,-13.513682202076765,-7.696994313566208,0.11246288,0.09179712,america,BINANCE,Interval.INTERVAL_1_DAY
APEUSDT,STRONG_SELL,1,16,9,1.785,-10.343557310379651,-7.6517150395778515,2.18002496,1.81337504,america,BINANCE,Interval.INTERVAL_1_DAY
APETRY,STRONG_SELL,1,16,9,48.6,-9.045539607551191,-7.622125071279214,59.25105674,48.95894326,america,BINANCE,Interval.INTERVAL_1_DAY
KARUSDT,STRONG_SELL,1,16,9,0.065,-21.576510017153026,-7.59169746943418,0.09158664,0.06191336,america,Kucoin,Interval.INTERVAL_1_DAY
APEBUSD,STRONG_SELL,1,16,9,1.788,-10.186859553948153,-7.4869353753815915,2.17926341,1.81383659,america,BINANCE,Interval.INTERVAL_1_DAY
CLUBUSDT,STRONG_SELL,0,17,9,0.00915,-7.465183143089163,-7.423333367058888,0.01035365,0.00948745,america,Kucoin,Interval.INTERVAL_1_DAY
SRKUSDT,STRONG_SELL,0,18,8,0.0001504,-11.263201368812332,-7.406267315151155,0.00018303,0.00015038,america,Kucoin,Interval.INTERVAL_1_DAY
GMXUSDT,STRONG_SELL,0,17,9,50.33,-8.384857617507834,-7.384575750326633,58.9085651,50.0034349,america,BINANCE,Interval.INTERVAL_1_DAY
APEUSDC,STRONG_SELL,1,16,9,1.794,-9.977418934477583,-7.382550335570471,2.18254997,1.81655003,america,Kucoin,Interval.INTERVAL_1_DAY
GMXBUSD,STRONG_SELL,0,17,9,50.33,-8.368734075229483,-7.359004564865273,58.88508412,49.98391588,america,BINANCE,Interval.INTERVAL_1_DAY
SCLPUSDT,STRONG_SELL,0,16,10,0.1546,-9.594169630927269,-7.353029304248821,0.18674478,0.15552522,america,Kucoin,Interval.INTERVAL_1_DAY
EWTBTC,STRONG_SELL,0,16,10,8.227e-05,-7.706977787749608,-7.311852185669224,9.474e-05,8.397e-05,america,Kucoin,Interval.INTERVAL_1_DAY
KDABUSD,STRONG_SELL,0,16,10,0.521,-12.141652613827986,-7.2623709505161855,0.6486326,0.5256674,america,BINANCE,Interval.INTERVAL_1_DAY
KDAUSDC,STRONG_SELL,0,16,10,0.5211,-12.074870567747126,-7.175175460472403,0.64882046,0.52494954,america,Kucoin,Interval.INTERVAL_1_DAY
APEBTC,STRONG_SELL,0,16,10,6.124e-05,-7.909774436090217,-7.155852031534266,7.275e-05,6.183e-05,america,BINANCE,Interval.INTERVAL_1_DAY
GOVIBTC,STRONG_SELL,0,16,10,6.36e-06,-9.65909090909092,-7.153284671532845,7.5e-06,6.38e-06,america,Kucoin,Interval.INTERVAL_1_DAY
KDAUSDT,STRONG_SELL,0,16,10,0.522,-11.997752672111531,-7.051282051282044,0.64899191,0.52540809,america,BINANCE,Interval.INTERVAL_1_DAY
OGVUSDT,STRONG_SELL,2,15,9,0.007868,-8.482895792865207,-6.997635933806151,0.0091325,0.0080857,america,Kucoin,Interval.INTERVAL_1_DAY
KOLUSDT,STRONG_SELL,0,16,10,0.002901,-8.338336124364119,-6.9864375260508496,0.00326679,0.00292561,america,Kucoin,Interval.INTERVAL_1_DAY
BUXUSDT,STRONG_SELL,1,16,9,0.0542,-13.1688561358539,-6.984726274240614,0.06705491,0.05321509,america,Kucoin,Interval.INTERVAL_1_DAY
GMXBTC,STRONG_SELL,0,16,10,0.001726,-5.9333903764299265,-6.954177897574127,0.0019822,0.0016896,america,BINANCE,Interval.INTERVAL_1_DAY
NXRAETH,STRONG_SELL,0,14,10,3.428e-05,-8.586666666666659,-6.9237035025794285,4.24e-05,3.289e-05,america,Kucoin,Interval.INTERVAL_1_DAY
CHESSBUSD,STRONG_SELL,1,15,10,0.1387,-1.5194547003692094,-6.9127516778523415,0.15824445,0.12814555,america,BINANCE,Interval.INTERVAL_1_DAY
XNLUSDT,STRONG_SELL,0,16,10,0.00817,-10.262479501511919,-6.894586894586894,0.00981049,0.00826551,america,Kucoin,Interval.INTERVAL_1_DAY
CHESSUSDT,STRONG_SELL,1,15,10,0.1389,-1.407781885905166,-6.822298249144708,0.15835309,0.12812691,america,BINANCE,Interval.INTERVAL_1_DAY
APEEUR,STRONG_SELL,1,16,9,1.642,-9.059021343144309,-6.715146006135669,1.95296898,1.65483102,america,BINANCE,Interval.INTERVAL_1_DAY
SHILLUSDT,STRONG_SELL,0,17,9,0.00825,-6.200222163352592,-6.695317801402396,0.00972669,0.00826931,america,Kucoin,Interval.INTERVAL_1_DAY
GLQBTC,STRONG_SELL,0,15,11,1.4e-07,-17.647058823529406,-6.666666666666657,1.9e-07,1.3e-07,america,Kucoin,Interval.INTERVAL_1_DAY
KDABTC,STRONG_SELL,0,16,10,1.79e-05,-9.64159515396264,-6.576200417536526,2.14e-05,1.817e-05,america,BINANCE,Interval.INTERVAL_1_DAY
BUXBTC,STRONG_SELL,1,16,9,1.86e-06,-10.576923076923066,-6.532663316582926,2.23e-06,1.81e-06,america,Kucoin,Interval.INTERVAL_1_DAY
HTRBTC,STRONG_SELL,0,17,9,1.58e-06,-10.734463276836152,-6.508875739644964,1.81e-06,1.58e-06,america,Kucoin,Interval.INTERVAL_1_DAY
EWTUSDT,STRONG_SELL,0,16,10,2.436,-8.708198637483363,-6.476753560870733,2.81652807,2.48557193,america,Kucoin,Interval.INTERVAL_1_DAY
PREUSDT,STRONG_SELL,1,16,9,0.030845,-6.508204969659488,-6.436172148949851,0.03591943,0.02919827,america,Kucoin,Interval.INTERVAL_1_DAY
DREPBUSD,STRONG_SELL,1,16,9,0.2572,-14.783645881651324,-6.404657933042216,0.3282511,0.2538289,america,BINANCE,Interval.INTERVAL_1_DAY
APEETH,STRONG_SELL,0,16,10,0.000971,-7.9559781217711105,-6.382568453528734,0.00114861,0.00097149,america,BINANCE,Interval.INTERVAL_1_DAY
WMTUSDT,STRONG_SELL,0,17,9,0.1128,-6.0,-6.3356306568130805,0.13731464,0.11115536,america,Kucoin,Interval.INTERVAL_1_DAY
RANKERUSDT,STRONG_SELL,0,16,10,0.001765,-14.598151642715436,-6.326292325655444,0.00207604,0.00175416,america,Kucoin,Interval.INTERVAL_1_DAY
ALCXBUSD,STRONG_SELL,1,16,9,12.76,-10.460329362261334,-6.238518627378937,14.91440473,12.93059527,america,BINANCE,Interval.INTERVAL_1_DAY
DREPUSDT,STRONG_SELL,1,16,9,0.2579,-14.508288237477487,-6.221591942111189,0.32744903,0.25436097,america,BINANCE,Interval.INTERVAL_1_DAY
OMGUSDT,STRONG_SELL,0,16,10,0.551,-10.908699413017672,-6.1328790459965745,0.66529384,0.55490616,america,BINANCE,Interval.INTERVAL_1_DAY
SCLPBTC,STRONG_SELL,0,16,10,5.37e-06,-6.11888111888112,-6.11888111888112,6.26e-06,5.3e-06,america,Kucoin,Interval.INTERVAL_1_DAY
OMGBUSD,STRONG_SELL,0,16,10,0.551,-10.937500479862592,-6.116885329698405,0.66543137,0.55476863,america,BINANCE,Interval.INTERVAL_1_DAY
KATUSDT,STRONG_SELL,1,15,10,0.0023551,-1.996196531936235,-6.0893767869176685,0.0029304,0.00213179,america,Kucoin,Interval.INTERVAL_1_DAY
CEEKUSDT,STRONG_SELL,0,17,9,0.04649,-10.708335085939154,-6.086499808092441,0.05467632,0.04710168,america,Kucoin,Interval.INTERVAL_1_DAY
DREPBTC,STRONG_SELL,1,16,9,8.83e-06,-12.400793650793645,-6.063829787234042,1.079e-05,8.83e-06,america,BINANCE,Interval.INTERVAL_1_DAY
OOEUSDT,STRONG_SELL,0,16,10,0.010141,-9.127567296318858,-5.949455135636455,0.01219276,0.00975824,america,Kucoin,Interval.INTERVAL_1_DAY
ALCXUSDT,STRONG_SELL,1,16,9,12.8,-10.188043783328666,-5.930770926728883,14.88795238,12.95604762,america,BINANCE,Interval.INTERVAL_1_DAY
VISIONUSDT,STRONG_SELL,2,17,7,0.001196,-6.474820143884898,-5.930470347648267,0.00134825,0.00118985,america,Kucoin,Interval.INTERVAL_1_DAY
OASUSDT,STRONG_SELL,0,17,9,0.05119,-13.355257155808033,-5.916300612031094,0.0623532,0.0507158,america,Kucoin,Interval.INTERVAL_1_DAY
JAMETH,STRONG_SELL,1,17,8,3.2e-07,-11.1111111111111,-5.882352941176464,3.7e-07,3.1e-07,america,Kucoin,Interval.INTERVAL_1_DAY
NFTUSDT,STRONG_SELL,1,15,10,3.2e-07,-5.882352941176464,-5.882352941176464,3.6e-07,3.2e-07,america,Kucoin,Interval.INTERVAL_1_DAY
LPOOLUSDT,STRONG_SELL,0,16,10,0.17516,-13.742045478664423,-5.858831243516903,0.22222537,0.17038563,america,Kucoin,Interval.INTERVAL_1_DAY
BDXUSDT,STRONG_SELL,0,16,10,0.03733,-15.028408463653065,-5.858320934103347,0.04584842,0.03690858,america,Kucoin,Interval.INTERVAL_1_DAY
SCRTBUSD,STRONG_SELL,0,17,9,0.314,-12.810069537301644,-5.705705705705711,0.39673617,0.30636383,america,BINANCE,Interval.INTERVAL_1_DAY
NXRAUSDT,STRONG_SELL,0,15,9,0.064,-8.682965806051172,-5.689154400116706,0.07809338,0.06189002,america,Kucoin,Interval.INTERVAL_1_DAY
YFDAIUSDT,STRONG_SELL,0,17,9,94.53,-8.411220986985,-5.634196498093331,108.52733363,95.20666637,america,Kucoin,Interval.INTERVAL_1_DAY
GOVIUSDT,STRONG_SELL,2,16,8,0.1865,-10.910480557944013,-5.6317360724586365,0.22295026,0.18518974,america,Kucoin,Interval.INTERVAL_1_DAY
OMGBTC,STRONG_SELL,0,16,10,1.892e-05,-8.422071636011623,-5.588822355289437,2.199e-05,1.914e-05,america,Kucoin,Interval.INTERVAL_1_DAY
PHNXBTC,STRONG_SELL,0,16,10,1.7e-07,-10.5263157894737,-5.555555555555557,2.2e-07,1.6e-07,america,Kucoin,Interval.INTERVAL_1_DAY
JOEBUSD,STRONG_SELL,0,17,9,0.3089,-12.432555846498943,-5.555385697251353,0.37718815,0.30682185,america,BINANCE,Interval.INTERVAL_1_DAY
JOETRY,STRONG_SELL,0,15,9,8.41,-11.089967226979596,-5.5268478993484536,10.09056909,8.44043091,america,BINANCE,Interval.INTERVAL_1_DAY
METISUSDT,STRONG_SELL,1,16,9,15.25,-12.730810332532656,-5.414625069776108,18.74014151,15.14485849,america,Kucoin,Interval.INTERVAL_1_DAY
OMGETH,STRONG_SELL,1,16,9,0.0002978,-9.193474615032784,-5.412272900520904,0.00034586,0.00030154,america,Kucoin,Interval.INTERVAL_1_DAY
GRAILUSDT,STRONG_SELL,1,15,8,1100.01,-13.761839019904372,-5.351709848839462,1399.3689202,1071.2550798,america,Kucoin,Interval.INTERVAL_1_DAY
SCRTUSDT,STRONG_SELL,0,16,10,0.315,-12.524298805887241,-5.348557692307693,0.39691728,0.30618272,america,BINANCE,Interval.INTERVAL_1_DAY
FORMUSDT,STRONG_SELL,1,17,8,0.000803,-13.714365537324184,-5.340091948603089,0.00090762,0.00080308,america,Kucoin,Interval.INTERVAL_1_DAY
JOEUSDT,STRONG_SELL,0,17,9,0.3099,-12.12914650691242,-5.2988632196552885,0.3768267,0.3072133,america,BINANCE,Interval.INTERVAL_1_DAY
THETABUSD,STRONG_SELL,1,15,10,0.756,-2.8735390224249926,-5.23940837302581,0.84186537,0.74683463,america,BINANCE,Interval.INTERVAL_1_DAY
THETAUSDT,STRONG_SELL,1,15,10,0.756,-2.794444980260778,-5.215646940822467,0.84138921,0.74571079,america,BINANCE,Interval.INTERVAL_1_DAY
SUNUSDT,STRONG_SELL,0,18,8,0.00548,-4.690182219153456,-5.206711641584505,0.00612787,0.00553913,america,BINANCE,Interval.INTERVAL_1_DAY
BDXBTC,STRONG_SELL,1,13,12,1.28e-06,-12.9251700680272,-5.185185185185176,1.52e-06,1.27e-06,america,Kucoin,Interval.INTERVAL_1_DAY
SYNUSDT,STRONG_SELL,0,14,10,0.5986,-10.581534172605146,-5.166267961534203,0.79707738,0.56500262,america,BINANCE,Interval.INTERVAL_1_DAY
FRRUSDT,STRONG_SELL,0,16,10,4.725e-05,-18.548526116186864,-5.13953021481629,6.657e-05,4.305e-05,america,Kucoin,Interval.INTERVAL_1_DAY
PDEXUSDT,STRONG_SELL,2,17,7,0.9125,-12.082370908281021,-5.073496520228446,1.08066681,0.90646319,america,Kucoin,Interval.INTERVAL_1_DAY
GALUSDT,STRONG_SELL,0,16,10,1.204,-3.2154340836012807,-5.0697784435859035,1.32332298,1.21157702,america,BINANCE,Interval.INTERVAL_1_DAY
GALBUSD,STRONG_SELL,0,16,10,1.204,-3.1817087860677447,-5.032339485723298,1.3213901,1.2131099,america,BINANCE,Interval.INTERVAL_1_DAY
YFIUSDT,STRONG_SELL,0,17,9,6409.0,-6.835999961281317,-5.016672841793252,7194.26067036,6459.73932964,america,BINANCE,Interval.INTERVAL_1_DAY
JOEBTC,STRONG_SELL,0,17,9,1.061e-05,-9.932088285229213,-5.013428827215748,1.245e-05,1.062e-05,america,BINANCE,Interval.INTERVAL_1_DAY
THETAEUR,STRONG_SELL,1,15,10,0.69,-2.1276595744680833,-4.984852657670075,0.7638973,0.6704027,america,BINANCE,Interval.INTERVAL_1_DAY
SXPUPUSDT,STRONG_SELL,1,15,8,0.9348,-17.528805168921835,-4.923668392306837,1.26305464,0.88142536,america,Kucoin,Interval.INTERVAL_1_DAY
BNXBNB,STRONG_SELL,1,14,9,0.000942,-8.487715787326223,-4.906117504542692,0.00109038,0.00094652,america,BINANCE,Interval.INTERVAL_1_DAY
XNOUSDT,STRONG_SELL,0,16,10,0.659,-7.304950803192753,-4.865020932582638,0.73747015,0.66212985,america,BINANCE,Interval.INTERVAL_1_DAY
ADAUPUSDT,STRONG_SELL,1,15,10,0.135,-4.23268138489756,-4.862579281183926,0.16314868,0.13105132,america,BINANCE,Interval.INTERVAL_1_DAY
TXAUSDC,STRONG_SELL,0,17,9,0.2586,-8.495806942429482,-4.856512141280348,0.30979707,0.24321293,america,Kucoin,Interval.INTERVAL_1_DAY
XNOBUSD,STRONG_SELL,0,16,10,0.659,-7.309297635569891,-4.851285012994509,0.73734189,0.66215811,america,BINANCE,Interval.INTERVAL_1_DAY
SCRTBTC,STRONG_SELL,1,16,9,1.08e-05,-10.07493755203997,-4.845814977973561,1.307e-05,1.061e-05,america,BINANCE,Interval.INTERVAL_1_DAY
THETABTC,STRONG_SELL,1,15,10,2.591e-05,-0.3078106964216971,-4.812637766348274,2.86e-05,2.492e-05,america,BINANCE,Interval.INTERVAL_1_DAY
SUNBUSD,STRONG_SELL,1,17,8,0.0055,-4.353315374943705,-4.811353409484255,0.00611784,0.00554916,america,BINANCE,Interval.INTERVAL_1_DAY
XRDUSDT,STRONG_SELL,0,15,9,0.05313,-8.922602211365387,-4.808829325975566,0.06472688,0.05159212,america,Kucoin,Interval.INTERVAL_1_DAY
YFIBUSD,STRONG_SELL,0,17,9,6425.0,-6.6011542207556175,-4.78942532823568,7193.74936843,6461.45063157,america,BINANCE,Interval.INTERVAL_1_DAY
SYNBTC,STRONG_SELL,0,14,10,2.052e-05,-8.187919463087255,-4.779582366589324,2.627e-05,1.962e-05,america,BINANCE,Interval.INTERVAL_1_DAY
POLKUSDT,STRONG_SELL,0,16,10,0.02996,-11.985045683462857,-4.761904761904759,0.03597279,0.02967321,america,Kucoin,Interval.INTERVAL_1_DAY
FLUXBUSD,STRONG_SELL,1,16,9,0.381,-7.755628341180113,-4.75,0.42704893,0.38715107,america,BINANCE,Interval.INTERVAL_1_DAY
ROSEBTC,STRONG_SELL,1,16,9,1.61e-06,-3.0120481927710756,-4.733727810650876,1.77e-06,1.61e-06,america,BINANCE,Interval.INTERVAL_1_DAY
UFOUSDT,STRONG_SELL,1,15,10,8.1e-07,-6.896551724137936,-4.705882352941188,9e-07,8.2e-07,america,Kucoin,Interval.INTERVAL_1_DAY
FLUXUSDT,STRONG_SELL,0,16,10,0.382,-7.602998529412218,-4.69061876247504,0.42684223,0.38825777,america,BINANCE,Interval.INTERVAL_1_DAY
ALEPHUSDT,STRONG_SELL,1,16,9,0.073329,-4.445289719238872,-4.6828611389858,0.09112145,0.06681935,america,Kucoin,Interval.INTERVAL_1_DAY
BLZUSDT,STRONG_SELL,1,16,9,0.0511,-9.65878423353081,-4.681962320462603,0.06214489,0.05038511,america,BINANCE,Interval.INTERVAL_1_DAY
SHAUSDT,STRONG_SELL,0,16,10,0.0004031,-10.322580645161281,-4.657158400151374,0.00046678,0.00040547,america,Kucoin,Interval.INTERVAL_1_DAY
GALBTC,STRONG_SELL,0,17,9,4.124e-05,-0.7699711260827797,-4.647398843930645,4.494e-05,4.049e-05,america,BINANCE,Interval.INTERVAL_1_DAY
FXSBUSD,STRONG_SELL,0,16,10,5.789,-6.609952520735391,-4.552274488466807,6.65191584,5.59198416,america,BINANCE,Interval.INTERVAL_1_DAY
YFIEUR,STRONG_SELL,0,17,9,5887.0,-5.736611193594214,-4.478338471523614,6477.20959004,5881.79040996,america,BINANCE,Interval.INTERVAL_1_DAY
PREBTC,STRONG_SELL,1,15,10,1.07e-06,-2.727272727272748,-4.464285714285737,1.21e-06,9.8e-07,america,Kucoin,Interval.INTERVAL_1_DAY
AUDIOUSDT,STRONG_SELL,0,16,10,0.1701,-7.164169932248399,-4.416722859069452,0.19626661,0.17018339,america,BINANCE,Interval.INTERVAL_1_DAY
LOKAUSDT,STRONG_SELL,0,16,10,0.2213,-9.70909559889165,-4.393657925433104,0.25857145,0.22069855,america,BINANCE,Interval.INTERVAL_1_DAY
LOKABUSD,STRONG_SELL,1,16,9,0.2213,-9.739783016559272,-4.389527348137918,0.25885434,0.22059566,america,BINANCE,Interval.INTERVAL_1_DAY
AUDIOBUSD,STRONG_SELL,0,16,10,0.1701,-7.172610320932279,-4.379110686379221,0.19652249,0.17000751,america,BINANCE,Interval.INTERVAL_1_DAY
BLZBTC,STRONG_SELL,0,16,10,1.75e-06,-7.407407407407405,-4.371584699453564,2.05e-06,1.74e-06,america,BINANCE,Interval.INTERVAL_1_DAY
YFIIUSDT,STRONG_SELL,0,16,10,726.4,-6.5887668195233005,-4.3077328415228635,804.00149296,738.35850704,america,BINANCE,Interval.INTERVAL_1_DAY
PHAUSDT,STRONG_SELL,0,16,10,0.0929,-8.39770227123411,-4.3057272352698845,0.10693778,0.09304222,america,BINANCE,Interval.INTERVAL_1_DAY
UTKBUSD,STRONG_SELL,0,16,10,0.0621,-9.843205574912886,-4.299583911234393,0.07303447,0.06094553,america,BINANCE,Interval.INTERVAL_1_DAY
LRCTRY,STRONG_SELL,1,16,9,5.73,-5.859802899310068,-4.292634040420907,6.41605141,5.77894859,america,BINANCE,Interval.INTERVAL_1_DAY
AVAXUSDC,STRONG_SELL,1,16,9,12.5,-7.021258636366653,-4.290100533678398,14.81866786,12.33553214,america,Kucoin,Interval.INTERVAL_1_DAY
LDOUSDC,STRONG_SELL,0,16,10,1.8359,-8.692278720382689,-4.284492826159493,2.2856627,1.7480573,america,Kucoin,Interval.INTERVAL_1_DAY
YFIBTC,STRONG_SELL,0,17,9,0.2205,-4.0372549571721095,-4.251161578878808,0.24035604,0.21982396,america,BINANCE,Interval.INTERVAL_1_DAY
RAREUSDT,STRONG_SELL,0,16,10,0.0714,-5.52640120291089,-4.225352112676049,0.07896962,0.07235038,america,BINANCE,Interval.INTERVAL_1_DAY
UTKUSDT,STRONG_SELL,0,16,10,0.0622,-9.746074498376075,-4.2192793347705475,0.07301402,0.06109598,america,BINANCE,Interval.INTERVAL_1_DAY
LTCUAH,STRONG_SELL,1,15,10,3376.0,-6.829555490224067,-4.210645783679496,3683.67921616,3414.62078384,america,BINANCE,Interval.INTERVAL_1_DAY
FXSUSDT,STRONG_SELL,0,16,10,5.809,-6.264623410588939,-4.209884075655893,6.64577362,5.59152638,america,BINANCE,Interval.INTERVAL_1_DAY
RAREBUSD,STRONG_SELL,0,16,10,0.0713,-5.529542687463234,-4.205293564422945,0.07881988,0.07226012,america,BINANCE,Interval.INTERVAL_1_DAY
LTCUSDC,STRONG_SELL,0,16,10,87.55,-7.183597311451777,-4.192337575644828,96.17507184,88.25792816,america,Kucoin,Interval.INTERVAL_1_DAY
VSYSUSDT,STRONG_SELL,0,17,9,0.001044,-6.94606615385986,-4.18502202643171,0.00118708,0.00104572,america,Kucoin,Interval.INTERVAL_1_DAY
AVAXUSDT,STRONG_SELL,1,16,9,12.52,-6.8798809966530285,-4.178784631868979,14.80674022,12.34625978,america,BINANCE,Interval.INTERVAL_1_DAY
VIDTUSDT,STRONG_SELL,1,16,9,0.01975,-7.4869088120710074,-4.177381010140223,0.02253933,0.01982167,america,BINANCE,Interval.INTERVAL_1_DAY
LOKABTC,STRONG_SELL,0,16,10,7.57e-06,-7.457212713936428,-4.177215189873422,8.53e-06,7.62e-06,america,BINANCE,Interval.INTERVAL_1_DAY
XNOBTC,STRONG_SELL,0,17,9,2.263e-05,-4.595278246205737,-4.150783566285483,2.46e-05,2.252e-05,america,BINANCE,Interval.INTERVAL_1_DAY
GSTUSDT,STRONG_SELL,0,17,9,0.0127,-9.711360727996592,-4.1364734299516925,0.01501149,0.01257751,america,Kucoin,Interval.INTERVAL_1_DAY
AUDIOBTC,STRONG_SELL,0,16,10,5.82e-06,-4.901960784313715,-4.118616144975292,6.48e-06,5.87e-06,america,BINANCE,Interval.INTERVAL_1_DAY
XCVUSDT,STRONG_SELL,1,16,9,0.002706,-8.80598523910625,-4.093567251461977,0.00314827,0.00269503,america,Kucoin,Interval.INTERVAL_1_DAY
LTCUSDT,STRONG_SELL,0,16,10,87.62,-7.070964183821744,-4.089496037479734,96.07645414,88.30754586,america,BINANCE,Interval.INTERVAL_1_DAY
FISUSDT,STRONG_SELL,0,16,10,0.2672,-11.023297677052057,-4.081559392612263,0.32731025,0.25851975,america,BINANCE,Interval.INTERVAL_1_DAY
SLIMUSDT,STRONG_SELL,0,16,10,0.03501,-5.250338294993227,-4.048017101981529,0.04411898,0.03315302,america,Kucoin,Interval.INTERVAL_1_DAY
AVAXBUSD,STRONG_SELL,1,16,9,12.54,-6.738063364569385,-4.047746575866569,14.80397258,12.35102742,america,BINANCE,Interval.INTERVAL_1_DAY
DYDXBTC,STRONG_SELL,1,14,11,6.735e-05,0.0,-4.046160421712514,7.341e-05,6.699e-05,america,BINANCE,Interval.INTERVAL_1_DAY
LTCBUSD,STRONG_SELL,0,16,10,87.68,-7.019819797630248,-4.036424130986774,96.07311122,88.33388878,america,BINANCE,Interval.INTERVAL_1_DAY
LOKABNB,STRONG_SELL,1,16,9,0.0009201,-9.12682343878086,-4.029288746570984,0.00105571,0.00092028,america,BINANCE,Interval.INTERVAL_1_DAY
VIDTBUSD,STRONG_SELL,1,16,9,0.01977,-7.342617193779532,-4.029126213592235,0.02252127,0.01981973,america,BINANCE,Interval.INTERVAL_1_DAY
ARBUSD,STRONG_SELL,0,16,10,5.34,-7.103508209396068,-4.0258806613946945,6.07681938,5.32818062,america,BINANCE,Interval.INTERVAL_1_DAY
SCRTETH,STRONG_SELL,1,17,8,0.0001714,-10.045134879815265,-4.015232121856968,0.00020526,0.00016756,america,BINANCE,Interval.INTERVAL_1_DAY
SOLVEUSDT,STRONG_SELL,1,16,9,0.02003,-1.7784331330816627,-4.011118033258256,0.02206711,0.01849289,america,Kucoin,Interval.INTERVAL_1_DAY
LRCBUSD,STRONG_SELL,0,16,10,0.2112,-6.927551560021158,-4.008726479410967,0.23921419,0.21081581,america,BINANCE,Interval.INTERVAL_1_DAY
ARUSDT,STRONG_SELL,0,16,10,5.34,-7.108894870051671,-3.9741053767308046,6.08458092,5.32141908,america,BINANCE,Interval.INTERVAL_1_DAY
THETAETH,STRONG_SELL,1,15,10,0.0004113,-0.27882167535459246,-3.969180480971275,0.0004503,0.00039313,america,BINANCE,Interval.INTERVAL_1_DAY
LPTUSDT,STRONG_SELL,0,16,10,3.92,-8.146528229206794,-3.968642822146009,4.59172718,3.75627282,america,BINANCE,Interval.INTERVAL_1_DAY
LRCUSDT,STRONG_SELL,0,16,10,0.2113,-6.886220116833343,-3.967640776257781,0.23918855,0.21089145,america,BINANCE,Interval.INTERVAL_1_DAY
LDOTUSD,STRONG_SELL,0,14,10,1.843,-8.376833209047973,-3.950385657702739,2.28431163,1.75038837,america,BINANCE,Interval.INTERVAL_1_DAY
LDOUSDT,STRONG_SELL,0,16,10,1.842,-8.338447910265145,-3.947437033946912,2.27920803,1.75119197,america,BINANCE,Interval.INTERVAL_1_DAY
LPTBUSD,STRONG_SELL,0,16,10,3.92,-8.189554291365809,-3.9451114922813133,4.5919081,3.7540919,america,BINANCE,Interval.INTERVAL_1_DAY
BLOKUSDT,STRONG_SELL,1,16,9,0.00151,-9.014220294046766,-3.9134584791600417,0.00176895,0.00149425,america,Kucoin,Interval.INTERVAL_1_DAY
LOOKSUSDT,STRONG_SELL,0,16,10,0.0525,-9.326424870466326,-3.8989566172432717,0.06365963,0.05047037,america,Kucoin,Interval.INTERVAL_1_DAY
DFIUSDT,STRONG_SELL,0,16,10,0.3031,-8.407787386885062,-3.866281835770252,0.34561452,0.30376548,america,Kucoin,Interval.INTERVAL_1_DAY
GALEUR,STRONG_SELL,0,17,9,1.109,-1.664056094156436,-3.8578240138708253,1.20477086,1.08492914,america,BINANCE,Interval.INTERVAL_1_DAY
ARBTC,STRONG_SELL,0,16,10,0.0001825,-4.972663368914354,-3.8562849014856226,0.00020218,0.00018231,america,BINANCE,Interval.INTERVAL_1_DAY
PHBBUSD,STRONG_SELL,0,16,10,0.5766,-10.648519276590207,-3.8423053832299274,0.69236038,0.55896962,america,BINANCE,Interval.INTERVAL_1_DAY
NULSBUSD,STRONG_SELL,0,16,10,0.1941,-6.427766453925216,-3.8347205707491128,0.21645553,0.19495447,america,BINANCE,Interval.INTERVAL_1_DAY
PHBUSDT,STRONG_SELL,0,16,10,0.5767,-10.590995072923533,-3.8256287105596556,0.69217614,0.55905386,america,BINANCE,Interval.INTERVAL_1_DAY
PHABUSD,STRONG_SELL,0,16,10,0.0934,-7.862286672585583,-3.800597383870624,0.10677087,0.09309913,america,BINANCE,Interval.INTERVAL_1_DAY
TELUSDT,STRONG_SELL,0,16,10,0.00137354,-5.693256251459019,-3.7854270863979593,0.00161132,0.0013566,america,Kucoin,Interval.INTERVAL_1_DAY
FXSBTC,STRONG_SELL,1,16,9,0.00019925,-3.7672059888915754,-3.771853569013828,0.00022245,0.00019017,america,BINANCE,Interval.INTERVAL_1_DAY
SYSBUSD,STRONG_SELL,0,16,10,0.1064,-6.965901866339209,-3.7191204415889985,0.11846321,0.10604679,america,BINANCE,Interval.INTERVAL_1_DAY
AVAXBTC,STRONG_SELL,0,16,10,0.0004294,-4.378034115708374,-3.709019150558362,0.00048815,0.0004267,america,BINANCE,Interval.INTERVAL_1_DAY
LTCBTC,STRONG_SELL,0,18,8,0.003002,-4.649072377134843,-3.6956242781983804,0.00321101,0.00300389,america,BINANCE,Interval.INTERVAL_1_DAY
DOCKBTC,STRONG_SELL,0,16,10,5.3e-07,-7.0175438596491375,-3.6363636363636402,5.8e-07,5.3e-07,america,BINANCE,Interval.INTERVAL_1_DAY
GHSTUSDT,STRONG_SELL,0,17,9,0.927,-2.3868027294250567,-3.6282357833454597,0.98991467,0.91968533,america,BINANCE,Interval.INTERVAL_1_DAY
SHRUSDT,STRONG_SELL,0,16,10,0.001436,-11.626962392226119,-3.617692462581374,0.00180078,0.00136922,america,Kucoin,Interval.INTERVAL_1_DAY
MATICUSDC,STRONG_SELL,1,16,9,0.6817,-6.550297729216098,-3.616672322135514,0.80974802,0.66630198,america,Kucoin,Interval.INTERVAL_1_DAY
SANDTRY,STRONG_SELL,2,15,9,11.22,-3.591682419659719,-3.599965632786308,12.39449067,11.29550933,america,BINANCE,Interval.INTERVAL_1_DAY
LDOBUSD,STRONG_SELL,0,16,10,1.849,-8.022153100712757,-3.597497393117834,2.27990908,1.75149092,america,BINANCE,Interval.INTERVAL_1_DAY
MATICUSDT,STRONG_SELL,1,16,9,0.6818,-6.471201079468841,-3.579358232806783,0.80806737,0.66657263,america,BINANCE,Interval.INTERVAL_1_DAY
MATICTUSD,STRONG_SELL,1,14,9,0.6826,-6.4119560056123674,-3.55896522979981,0.80833172,0.66726828,america,BINANCE,Interval.INTERVAL_1_DAY
OSMOUSDT,STRONG_SELL,1,16,9,0.47,-6.231295512610885,-3.5501744305356198,0.54424425,0.46375575,america,BINANCE,Interval.INTERVAL_1_DAY
RAREBTC,STRONG_SELL,1,16,9,2.45e-06,-2.7777777777777857,-3.5433070866141776,2.64e-06,2.46e-06,america,BINANCE,Interval.INTERVAL_1_DAY
SANDUSDT,STRONG_SELL,0,16,10,0.4127,-4.846444710873371,-3.5341966247487164,0.45940512,0.41497488,america,BINANCE,Interval.INTERVAL_1_DAY
FISBUSD,STRONG_SELL,0,16,10,0.2685,-10.501989839092559,-3.531778823698488,0.3272271,0.2583229,america,BINANCE,Interval.INTERVAL_1_DAY
ETHUPUSDT,STRONG_SELL,0,16,10,5.006,-7.14153218326841,-3.526691077278855,5.74256301,4.94753699,america,BINANCE,Interval.INTERVAL_1_DAY
UTKETH,STRONG_SELL,1,16,9,3.344e-05,-7.828004410143336,-3.5199076745527975,3.773e-05,3.299e-05,america,Kucoin,Interval.INTERVAL_1_DAY
PHBBTC,STRONG_SELL,0,16,10,1.976e-05,-8.263695450324988,-3.515625,2.282e-05,1.936e-05,america,BINANCE,Interval.INTERVAL_1_DAY
SYSUSDT,STRONG_SELL,0,16,10,0.1068,-6.635195384211897,-3.514319270033411,0.118262,0.106348,america,BINANCE,Interval.INTERVAL_1_DAY
WINUSDT,STRONG_SELL,0,17,9,6.67e-05,-4.795889237796189,-3.487194327883074,7.227e-05,6.673e-05,america,BINANCE,Interval.INTERVAL_1_DAY
SANDBUSD,STRONG_SELL,0,16,10,0.4129,-4.809111029140539,-3.4829359513791474,0.45953493,0.41487507,america,BINANCE,Interval.INTERVAL_1_DAY
YLDUSDT,STRONG_SELL,1,17,8,0.089936,-11.21608669422966,-3.467448063413343,0.10699513,0.08758847,america,Kucoin,Interval.INTERVAL_1_DAY
AVAXEUR,STRONG_SELL,1,16,9,11.49,-5.734678808761998,-3.4616030919173255,13.19038808,11.34761192,america,BINANCE,Interval.INTERVAL_1_DAY
BALBUSD,STRONG_SELL,0,16,10,4.29,-6.765479321061434,-3.4610018452675746,4.85850135,4.26689865,america,BINANCE,Interval.INTERVAL_1_DAY
MATICBUSD,STRONG_SELL,1,16,9,0.6829,-6.335722478766883,-3.4374513935040483,0.80833379,0.66660621,america,BINANCE,Interval.INTERVAL_1_DAY
BALUSDT,STRONG_SELL,0,16,10,4.292,-6.687538046786685,-3.420342034203429,4.85986798,4.26683202,america,BINANCE,Interval.INTERVAL_1_DAY
OSMOBUSD,STRONG_SELL,2,17,7,0.47,-6.206346038714827,-3.4114262227702454,0.54464924,0.46275076,america,BINANCE,Interval.INTERVAL_1_DAY
LTCEUR,STRONG_SELL,0,17,9,80.4,-6.009250992943251,-3.4106608681026955,86.5645462,80.1634538,america,BINANCE,Interval.INTERVAL_1_DAY
FXBTC,STRONG_SELL,0,16,10,4.83e-06,-2.6209677419354733,-3.4000000000000057,5.16e-06,4.85e-06,america,Kucoin,Interval.INTERVAL_1_DAY
DUSKUSDT,STRONG_SELL,0,16,10,0.1211,-5.143605609827546,-3.3982131461391134,0.14341039,0.11874961,america,BINANCE,Interval.INTERVAL_1_DAY
ROSEETH,STRONG_SELL,1,15,10,2.562e-05,-2.8072837632776952,-3.39366515837105,2.788e-05,2.54e-05,america,BINANCE,Interval.INTERVAL_1_DAY
XCNUSDC,STRONG_SELL,1,17,8,0.0010151,-8.761617142138107,-3.392814656197956,0.00117779,0.00100003,america,Kucoin,Interval.INTERVAL_1_DAY
QUICKUSDT,STRONG_SELL,1,16,9,0.04585,-99.87719188818603,-3.3841874578556883,98.04730257,-45.36330057,america,BINANCE,Interval.INTERVAL_1_DAY
NULSUSDT,STRONG_SELL,0,16,10,0.1951,-5.950217825755118,-3.382360223839939,0.21641383,0.19514617,america,BINANCE,Interval.INTERVAL_1_DAY
LPTBNB,STRONG_SELL,1,15,10,0.01637,-7.122306362490818,-3.347700301115907,0.01865423,0.01575977,america,BINANCE,Interval.INTERVAL_1_DAY
TONEBTC,STRONG_SELL,0,14,12,2.9e-07,-6.451612903225808,-3.3333333333333286,3.2e-07,2.9e-07,america,Kucoin,Interval.INTERVAL_1_DAY
PHABTC,STRONG_SELL,0,16,10,3.2e-06,-5.6047197640118185,-3.3232628398791633,3.54e-06,3.21e-06,america,BINANCE,Interval.INTERVAL_1_DAY
FIDABUSD,STRONG_SELL,0,16,10,0.2125,-8.171643403483003,-3.3124033124033048,0.25522559,0.20534441,america,BINANCE,Interval.INTERVAL_1_DAY
DUSKBUSD,STRONG_SELL,0,16,10,0.1212,-5.09748649283533,-3.310729956122856,0.14346294,0.11872706,america,BINANCE,Interval.INTERVAL_1_DAY
KAIETH,STRONG_SELL,1,16,9,2.34e-06,-0.8474576271186294,-3.305785123966942,2.67e-06,2.28e-06,america,Kucoin,Interval.INTERVAL_1_DAY
RAYUSDT,STRONG_SELL,0,16,10,0.2029,-4.967840114784238,-3.2704042715484434,0.24975945,0.18863055,america,BINANCE,Interval.INTERVAL_1_DAY
FISBTC,STRONG_SELL,1,16,9,9.19e-06,-8.283433133732544,-3.2631578947368496,1.079e-05,8.95e-06,america,BINANCE,Interval.INTERVAL_1_DAY
RAYBUSD,STRONG_SELL,0,17,9,0.2028,-5.013191129150059,-3.2488907971947754,0.249977,0.188423,america,BINANCE,Interval.INTERVAL_1_DAY
AVAXBRL,STRONG_SELL,1,16,9,60.5,-6.841862131439811,-3.2464417079801677,71.50314913,58.95685087,america,BINANCE,Interval.INTERVAL_1_DAY
NWCUSDT,STRONG_SELL,1,16,9,0.054929,-13.048777785164987,-3.2393306780768825,0.06843918,0.05230632,america,Kucoin,Interval.INTERVAL_1_DAY
BALBTC,STRONG_SELL,0,16,10,0.0001468,-4.420860733120648,-3.2300593276203102,0.00016037,0.00014725,america,BINANCE,Interval.INTERVAL_1_DAY
BEPROUSDT,STRONG_SELL,0,16,10,0.00071545,-8.252115927160801,-3.226024617881791,0.00084097,0.00068462,america,Kucoin,Interval.INTERVAL_1_DAY
SANDBNB,STRONG_SELL,1,16,9,0.001716,-4.196698247514192,-3.225806451612897,0.00188348,0.00172242,america,BINANCE,Interval.INTERVAL_1_DAY
LDOBTC,STRONG_SELL,0,16,10,6.335e-05,-5.588673621460515,-3.223342499236182,7.514e-05,6.063e-05,america,BINANCE,Interval.INTERVAL_1_DAY
ARBUSDT,STRONG_SELL,0,14,10,1.1334,-4.359004198508089,-3.1762032496711043,1.30658851,1.11846149,america,BINANCE,Interval.INTERVAL_1_DAY
MATICBIDR,STRONG_SELL,1,16,9,10313.0,-5.870075817473889,-3.170683617039259,12095.6104835,10055.4895165,america,BINANCE,Interval.INTERVAL_1_DAY
SLPBUSD,STRONG_SELL,0,16,10,0.001558,-4.845083153670913,-3.1696706028589148,0.00169803,0.00156177,america,BINANCE,Interval.INTERVAL_1_DAY
LTCGBP,STRONG_SELL,0,17,9,69.31,-5.759660620564006,-3.164512748864823,74.62316846,69.06683154,america,BINANCE,Interval.INTERVAL_1_DAY
MNWUSDT,STRONG_SELL,1,16,9,1.0037,-6.882891575207111,-3.161693054309339,1.1178016,0.9847084,america,Kucoin,Interval.INTERVAL_1_DAY
MANAUSDT,STRONG_SELL,0,16,10,0.3735,-5.3111928001014235,-3.1605693691824968,0.41982176,0.37200824,america,BINANCE,Interval.INTERVAL_1_DAY
FIDAUSDT,STRONG_SELL,0,16,10,0.2128,-8.004900814109078,-3.1582779648675796,0.25466375,0.20565625,america,BINANCE,Interval.INTERVAL_1_DAY
PHNXUSDT,STRONG_SELL,0,16,10,0.004965,-14.476619302962916,-3.1540757212241743,0.00668748,0.00445482,america,Kucoin,Interval.INTERVAL_1_DAY
SANDBTC,STRONG_SELL,0,16,10,1.414e-05,-2.4154589371980677,-3.1506849315068592,1.52e-05,1.427e-05,america,BINANCE,Interval.INTERVAL_1_DAY
RENUSDT,STRONG_SELL,0,16,10,0.057879,-7.109578246446333,-3.1490489601060148,0.06956834,0.05622766,america,BINANCE,Interval.INTERVAL_1_DAY
MAPUSDT,STRONG_SELL,0,16,10,0.00983,-5.567665138905824,-3.143166814464479,0.01079864,0.00986356,america,Kucoin,Interval.INTERVAL_1_DAY
BICOBUSD,STRONG_SELL,1,16,9,0.214,-7.4474526425049845,-3.141124287136776,0.24300474,0.21246526,america,BINANCE,Interval.INTERVAL_1_DAY
VELOUSDT,STRONG_SELL,0,16,10,0.002517,-10.158480868075387,-3.1177829099307104,0.00302418,0.00244382,america,Kucoin,Interval.INTERVAL_1_DAY
CTKBUSD,STRONG_SELL,0,16,10,0.564,-4.885041852352359,-3.1094313691805553,0.62293617,0.56346383,america,BINANCE,Interval.INTERVAL_1_DAY
VITEUSDT,STRONG_SELL,0,16,10,0.01326,-6.635038053615162,-3.0985092078339704,0.014812,0.013079,america,BINANCE,Interval.INTERVAL_1_DAY
VTHOUSDT,STRONG_SELL,0,16,10,0.001098,-6.891551553079452,-3.0976965845909348,0.00120433,0.00109657,america,BINANCE,Interval.INTERVAL_1_DAY
DIAUSDT,STRONG_SELL,0,16,10,0.245,-4.303106512556383,-3.0969426096586687,0.26796722,0.24450278,america,BINANCE,Interval.INTERVAL_1_DAY
ARBTUSD,STRONG_SELL,0,14,10,1.1357,-4.224726824372013,-3.0732860520094647,1.30671007,1.11996993,america,BINANCE,Interval.INTERVAL_1_DAY
LTCBRL,STRONG_SELL,0,16,10,423.7,-7.014001667910293,-3.0678776509345624,463.38646228,422.76353772,america,BINANCE,Interval.INTERVAL_1_DAY
PUSHUSDT,STRONG_SELL,0,16,10,0.2238,-4.836147874420973,-3.0623294494737223,0.25853981,0.21710019,america,Kucoin,Interval.INTERVAL_1_DAY
MANABUSD,STRONG_SELL,0,16,10,0.374,-5.202859923259439,-3.0610922474793227,0.41985662,0.37212338,america,BINANCE,Interval.INTERVAL_1_DAY
DIABUSD,STRONG_SELL,0,16,10,0.2451,-4.266536959737223,-3.057390341336074,0.26805852,0.24435148,america,BINANCE,Interval.INTERVAL_1_DAY
SXPUSDT,STRONG_SELL,0,17,9,0.3325,-8.550840232129602,-3.0555717534550126,0.38183766,0.32877234,america,BINANCE,Interval.INTERVAL_1_DAY
SXPTRY,STRONG_SELL,2,15,9,9.046,-7.234784392144817,-3.0418658492143607,10.25052862,8.99657138,america,BINANCE,Interval.INTERVAL_1_DAY
SLPTRY,STRONG_SELL,0,16,10,0.04246,-3.3631050531354987,-3.0394373273046966,0.04567107,0.04267993,america,BINANCE,Interval.INTERVAL_1_DAY
DUSKBTC,STRONG_SELL,0,16,10,4.15e-06,-2.8103044496486973,-3.037383177570092,4.73e-06,4.1e-06,america,BINANCE,Interval.INTERVAL_1_DAY
FORBTC,STRONG_SELL,0,14,12,6.4e-07,-1.5384615384615472,-3.0303030303030454,6.8e-07,6.3e-07,america,BINANCE,Interval.INTERVAL_1_DAY
DOCKBUSD,STRONG_SELL,0,16,10,0.01565,-8.834969158258403,-3.0239187012021205,0.01752554,0.01545146,america,BINANCE,Interval.INTERVAL_1_DAY
SLPUSDT,STRONG_SELL,0,16,10,0.001561,-4.681651370544728,-3.0133581857719776,0.00169848,0.00156252,america,BINANCE,Interval.INTERVAL_1_DAY
BNTBUSD,STRONG_SELL,1,16,9,0.3652,-5.462891039536203,-3.0116322303075265,0.40061415,0.36421585,america,BINANCE,Interval.INTERVAL_1_DAY
FETBUSD,STRONG_SELL,0,16,10,0.205,-7.179620158177698,-2.9953153835234048,0.24149665,0.19911335,america,BINANCE,Interval.INTERVAL_1_DAY
LITUSDT,STRONG_SELL,1,16,9,0.666,-6.447534766118835,-2.9861616897305225,0.75955744,0.65874256,america,BINANCE,Interval.INTERVAL_1_DAY
DFUSDT,STRONG_SELL,0,17,9,0.0368,-6.6384856965339765,-2.9791721592407043,0.0413237,0.0362363,america,BINANCE,Interval.INTERVAL_1_DAY
BNTUSDT,STRONG_SELL,0,16,10,0.3655,-5.386865470735941,-2.97576385017652,0.4005315,0.3646985,america,BINANCE,Interval.INTERVAL_1_DAY
LITBUSD,STRONG_SELL,1,16,9,0.666,-6.447534766118835,-2.9720279720279734,0.7596999,0.6587001,america,BINANCE,Interval.INTERVAL_1_DAY
XYMBTC,STRONG_SELL,1,14,11,9.8e-07,0.0,-2.9702970297029907,1.04e-06,9.6e-07,america,Kucoin,Interval.INTERVAL_1_DAY
SXPBUSD,STRONG_SELL,0,17,9,0.3327,-8.481568938947078,-2.9661387697961317,0.38179366,0.32863634,america,BINANCE,Interval.INTERVAL_1_DAY
DOCKUSDT,STRONG_SELL,0,16,10,0.01569,-8.678191024969436,-2.962459026532258,0.01750741,0.01548159,america,BINANCE,Interval.INTERVAL_1_DAY
GMEEUSDT,STRONG_SELL,1,16,9,0.005541,-13.883807638091312,-2.95802028056535,0.00635302,0.00547978,america,Kucoin,Interval.INTERVAL_1_DAY
LTXUSDT,STRONG_SELL,0,16,10,0.1,-8.717480602464619,-2.940891002620589,0.1132674,0.0984526,america,Kucoin,Interval.INTERVAL_1_DAY
POLSBUSD,STRONG_SELL,0,16,10,0.3082,-4.9616084368929165,-2.9383050420432824,0.34224758,0.29987242,america,BINANCE,Interval.INTERVAL_1_DAY
CTKUSDT,STRONG_SELL,0,16,10,0.565,-4.743171320350527,-2.9376395808280336,0.62295438,0.56354562,america,BINANCE,Interval.INTERVAL_1_DAY
FETUSDT,STRONG_SELL,0,16,10,0.2051,-7.114714007517776,-2.9204335684195684,0.24133356,0.19912644,america,BINANCE,Interval.INTERVAL_1_DAY
DEXEBUSD,STRONG_SELL,1,16,9,2.182,-5.301989287085732,-2.91434927697442,2.35349415,2.17410585,america,BINANCE,Interval.INTERVAL_1_DAY
RENBUSD,STRONG_SELL,0,16,10,0.058009,-6.917178930538412,-2.911857644002893,0.06958044,0.05621206,america,BINANCE,Interval.INTERVAL_1_DAY
PEOPLEBUSD,STRONG_SELL,1,16,9,0.01236,-6.2310100725799344,-2.9065200314218487,0.01427987,0.01213613,america,BINANCE,Interval.INTERVAL_1_DAY
UFTBUSD,STRONG_SELL,0,16,10,0.2549,-5.706677036342725,-2.902635989638867,0.28230449,0.25402551,america,BINANCE,Interval.INTERVAL_1_DAY
POLSUSDT,STRONG_SELL,0,16,10,0.3083,-4.878950828711652,-2.9006960410695797,0.34202866,0.29987134,america,BINANCE,Interval.INTERVAL_1_DAY
DCRUSDT,STRONG_SELL,0,17,9,14.11,-7.148654260270831,-2.8905712319339187,15.47454477,14.00045523,america,BINANCE,Interval.INTERVAL_1_DAY
SFPBUSD,STRONG_SELL,0,17,9,0.4139,-5.721119883670937,-2.8882475774852736,0.46090544,0.40901456,america,BINANCE,Interval.INTERVAL_1_DAY
ONTUSDT,STRONG_SELL,0,16,10,0.1876,-4.985395049809995,-2.873414444732063,0.20958324,0.18656676,america,BINANCE,Interval.INTERVAL_1_DAY
FORBUSD,STRONG_SELL,0,17,9,0.01866,-4.747320061255749,-2.873204247345413,0.02042603,0.01849597,america,BINANCE,Interval.INTERVAL_1_DAY
LQTYUSDT,STRONG_SELL,1,13,10,1.052,-2.562519596904849,-2.871387683501041,1.26056587,0.98133413,america,BINANCE,Interval.INTERVAL_1_DAY
SFPUSDT,STRONG_SELL,0,18,8,0.414,-5.667541930606717,-2.867063957580598,0.46052565,0.40921435,america,BINANCE,Interval.INTERVAL_1_DAY
PEOPLEUSDT,STRONG_SELL,1,16,9,0.01237,-6.143325288114184,-2.85848908434113,0.01426802,0.01214398,america,BINANCE,Interval.INTERVAL_1_DAY
IRISBTC,STRONG_SELL,0,16,10,6.8e-07,-5.555555555555557,-2.857142857142861,7.7e-07,6.7e-07,america,BINANCE,Interval.INTERVAL_1_DAY
FORUSDT,STRONG_SELL,0,17,9,0.01864,-4.695339530522276,-2.8508886225048116,0.02040597,0.01845803,america,BINANCE,Interval.INTERVAL_1_DAY
LTCETH,STRONG_SELL,0,18,8,0.04765,-4.689191754344947,-2.848288376455244,0.05048937,0.04745863,america,BINANCE,Interval.INTERVAL_1_DAY
IRISUSDT,STRONG_SELL,0,16,10,0.02007,-7.20791529890424,-2.8369481022463106,0.02335173,0.01956627,america,BINANCE,Interval.INTERVAL_1_DAY
GNOUSDT,STRONG_SELL,0,17,9,111.8,-3.573584794398812,-2.8248587570621453,120.01395428,112.55604572,america,BINANCE,Interval.INTERVAL_1_DAY
NTVRKUSDC,STRONG_SELL,1,16,9,0.1061,-11.0471477783543,-2.8210294925810615,0.13072251,0.09894749,america,Kucoin,Interval.INTERVAL_1_DAY
SWPUSDT,STRONG_SELL,1,16,9,0.01086,-12.043411354985025,-2.818791946308721,0.01363641,0.01009559,america,Kucoin,Interval.INTERVAL_1_DAY
ENJBUSD,STRONG_SELL,0,16,10,0.2921,-4.002892073090564,-2.817979172904799,0.32068272,0.29149728,america,BINANCE,Interval.INTERVAL_1_DAY
ALGOUSDC,STRONG_SELL,0,16,10,0.1068,-5.525744367348452,-2.8119028119028115,0.11868846,0.10638154,america,Kucoin,Interval.INTERVAL_1_DAY
MATICGBP,STRONG_SELL,1,16,9,0.5375,-5.4124608867327595,-2.808165922282697,0.62379189,0.52493811,america,BINANCE,Interval.INTERVAL_1_DAY
BICOUSDT,STRONG_SELL,1,16,9,0.2153,-6.9750681516723745,-2.7947085647207643,0.24300938,0.21316062,america,BINANCE,Interval.INTERVAL_1_DAY
ENJUSDT,STRONG_SELL,0,16,10,0.2923,-3.9224269083206593,-2.7934818756235558,0.32048292,0.29165708,america,BINANCE,Interval.INTERVAL_1_DAY
CTKBNB,STRONG_SELL,0,16,10,0.002347,-4.207991510550585,-2.787557470074134,0.00255114,0.00234186,america,BINANCE,Interval.INTERVAL_1_DAY
KCSUSDC,STRONG_SELL,1,16,9,5.632,-7.211739069927148,-2.7825726714078627,6.28860294,5.59309706,america,Kucoin,Interval.INTERVAL_1_DAY
ANCUSDT,STRONG_SELL,1,16,9,0.00638,-10.300913721570097,-2.7735446510210267,0.00757439,0.00612461,america,Kucoin,Interval.INTERVAL_1_DAY
AUSDUSDT,STRONG_SELL,0,17,9,0.0887,-6.193820065787008,-2.773210566699561,0.10104788,0.08734212,america,Kucoin,Interval.INTERVAL_1_DAY
ONTBUSD,STRONG_SELL,0,16,10,0.1877,-4.926725452037445,-2.771302771302757,0.20969175,0.18641825,america,BINANCE,Interval.INTERVAL_1_DAY
NULSBTC,STRONG_SELL,0,16,10,6.7e-06,-3.3189033189033097,-2.7576197387518135,7.17e-06,6.7e-06,america,BINANCE,Interval.INTERVAL_1_DAY
DEXEUSDT,STRONG_SELL,1,17,8,2.185,-5.140227489797695,-2.7549067604254844,2.35030337,2.17599663,america,BINANCE,Interval.INTERVAL_1_DAY
SXPBNB,STRONG_SELL,1,16,9,0.001384,-7.882563580333198,-2.7475230131403237,0.00155817,0.00137333,america,BINANCE,Interval.INTERVAL_1_DAY
QIUSDT,STRONG_SELL,0,16,10,0.00591,-7.192211055276388,-2.732060566161948,0.00665514,0.00583186,america,BINANCE,Interval.INTERVAL_1_DAY
ALGOTRY,STRONG_SELL,0,16,10,2.91,-4.006861470787655,-2.7243857596523355,3.20703685,2.89356315,america,BINANCE,Interval.INTERVAL_1_DAY
ACHBUSD,STRONG_SELL,1,16,9,0.01754,-6.62265758091992,-2.723088015085125,0.01986663,0.01700137,america,BINANCE,Interval.INTERVAL_1_DAY
CTKBTC,STRONG_SELL,1,17,8,1.931e-05,-2.5239777889954524,-2.720403022670041,2.065e-05,1.933e-05,america,BINANCE,Interval.INTERVAL_1_DAY
BALETH,STRONG_SELL,1,16,9,0.00233,-4.593046348124815,-2.718049350757795,0.00251386,0.00234014,america,Kucoin,Interval.INTERVAL_1_DAY
EGLDUSDT,STRONG_SELL,1,16,9,31.44,-8.143588935562576,-2.707720872659749,37.56376787,30.09823213,america,BINANCE,Interval.INTERVAL_1_DAY
DOTUSDC,STRONG_SELL,1,16,9,5.047,-3.612693825882374,-2.6971794328018603,5.48103606,5.04046394,america,Kucoin,Interval.INTERVAL_1_DAY
FXETH,STRONG_SELL,0,18,8,7.65e-05,-2.795425667090214,-2.69651488170949,8.146e-05,7.607e-05,america,Kucoin,Interval.INTERVAL_1_DAY
NULSETH,STRONG_SELL,1,17,8,0.0001055,-3.9162112932604742,-2.693230031359519,0.00011339,0.00010472,america,Kucoin,Interval.INTERVAL_1_DAY
HOOKUSDT,STRONG_SELL,1,16,9,0.9246,-12.448709322490032,-2.651140264061141,1.11849668,0.88631332,america,BINANCE,Interval.INTERVAL_1_DAY
KCSUSDT,STRONG_SELL,0,16,10,5.641,-7.03282934156239,-2.650743795947946,6.27942372,5.59977628,america,Kucoin,Interval.INTERVAL_1_DAY
SXPBTC,STRONG_SELL,0,17,9,1.14e-05,-6.095551894563428,-2.64730999146029,1.257e-05,1.138e-05,america,BINANCE,Interval.INTERVAL_1_DAY
HOOKBUSD,STRONG_SELL,1,16,9,0.9246,-12.432125544790608,-2.6367886778147636,1.11797549,0.88628451,america,BINANCE,Interval.INTERVAL_1_DAY
LQTYBTC,STRONG_SELL,1,13,10,3.598e-05,-0.2771618625277199,-2.625169147496621,4.189e-05,3.368e-05,america,BINANCE,Interval.INTERVAL_1_DAY
DOTUSDT,STRONG_SELL,0,16,10,5.052,-3.60189036998284,-2.6101707984732343,5.48718546,5.04161454,america,BINANCE,Interval.INTERVAL_1_DAY
EGLDBUSD,STRONG_SELL,1,16,9,31.48,-8.044633989600982,-2.5959961632476336,37.58400411,30.10299589,america,BINANCE,Interval.INTERVAL_1_DAY
XCNUSDT,STRONG_SELL,1,17,8,0.0010197,-8.248378127896203,-2.5907032727689625,0.00117796,0.00099664,america,Kucoin,Interval.INTERVAL_1_DAY
HEGICUSDT,STRONG_SELL,0,16,10,0.011224,-6.491056915987755,-2.5872019857491324,0.01266651,0.01100559,america,Kucoin,Interval.INTERVAL_1_DAY
MANABTC,STRONG_SELL,0,17,9,1.282e-05,-2.657555049354599,-2.5835866261398195,1.383e-05,1.285e-05,america,BINANCE,Interval.INTERVAL_1_DAY
KP3RUSDT,STRONG_SELL,0,16,10,54.33,-3.6138165948161145,-2.580286539116713,59.94891359,52.62308641,america,BINANCE,Interval.INTERVAL_1_DAY
ONTBTC,STRONG_SELL,0,17,9,6.42e-06,-2.5796661608497544,-2.5796661608497544,6.9e-06,6.44e-06,america,BINANCE,Interval.INTERVAL_1_DAY
UFTUSDT,STRONG_SELL,0,14,10,0.2557,-5.432893228299875,-2.557067184939598,0.28203604,0.25408396,america,BINANCE,Interval.INTERVAL_1_DAY
EOSUSDC,STRONG_SELL,1,15,10,0.7264,-3.0725714631959846,-2.554196179437639,0.78689055,0.72800945,america,Kucoin,Interval.INTERVAL_1_DAY
DIABTC,STRONG_SELL,0,16,10,8.41e-06,-1.7523364485981148,-2.5492468134414707,8.95e-06,8.34e-06,america,BINANCE,Interval.INTERVAL_1_DAY
MATICBRL,STRONG_SELL,1,15,10,3.298,-6.389259458999177,-2.5413711583924368,3.91275835,3.17804165,america,BINANCE,Interval.INTERVAL_1_DAY
TIMEUSDT,STRONG_SELL,0,16,10,17.343,-2.1258824923672535,-2.5296322731845464,19.65861464,16.22448536,america,Kucoin,Interval.INTERVAL_1_DAY
TRUBTC,STRONG_SELL,0,16,10,1.16e-06,-7.200000000000017,-2.521008403361364,1.31e-06,1.13e-06,america,BINANCE,Interval.INTERVAL_1_DAY
DATABUSD,STRONG_SELL,0,16,10,0.0239,-6.874638846991132,-2.520597112325646,0.02700156,0.02357544,america,BINANCE,Interval.INTERVAL_1_DAY
BICOBTC,STRONG_SELL,1,16,9,7.35e-06,-4.792746113989637,-2.5198938992042343,8.03e-06,7.32e-06,america,BINANCE,Interval.INTERVAL_1_DAY
WINBRL,STRONG_SELL,0,16,10,0.000322,-4.85477055816564,-2.5128670905237698,0.00034855,0.00031915,america,BINANCE,Interval.INTERVAL_1_DAY
DFIBTC,STRONG_SELL,0,17,9,1.049e-05,-5.067873303167417,-2.5092936802974037,1.14e-05,1.05e-05,america,Kucoin,Interval.INTERVAL_1_DAY
DFBUSD,STRONG_SELL,0,17,9,0.037,-6.194532763841181,-2.50329380764164,0.04135662,0.03623338,america,BINANCE,Interval.INTERVAL_1_DAY
ONEBTC,STRONG_SELL,0,15,11,3.9e-07,-4.878048780487802,-2.499999999999986,4.4e-07,3.9e-07,america,BINANCE,Interval.INTERVAL_1_DAY
FTTUSDT,STRONG_SELL,1,16,9,1.334,-8.383315991979956,-2.4996345563514097,1.6107901,1.2582099,america,Kucoin,Interval.INTERVAL_1_DAY
FETBTC,STRONG_SELL,1,16,9,7.03e-06,-4.6132971506105775,-2.4965325936199747,7.94e-06,6.9e-06,america,BINANCE,Interval.INTERVAL_1_DAY
SFPBTC,STRONG_SELL,1,17,8,1.417e-05,-3.3424283765347838,-2.4776324845147855,1.523e-05,1.409e-05,america,BINANCE,Interval.INTERVAL_1_DAY
FTTBUSD,STRONG_SELL,1,16,9,1.3337,-8.407064661927109,-2.473803134117702,1.61103819,1.25741181,america,BINANCE,Interval.INTERVAL_1_DAY
KP3RBUSD,STRONG_SELL,0,17,9,54.38,-3.4788782392616326,-2.4556494286892985,59.97077841,52.54622159,america,BINANCE,Interval.INTERVAL_1_DAY
RENBTC,STRONG_SELL,0,16,10,1.99e-06,-4.326923076923066,-2.4509803921568647,2.3e-06,1.94e-06,america,BINANCE,Interval.INTERVAL_1_DAY
ICXUSDT,STRONG_SELL,0,16,10,0.2156,-4.4693246614875335,-2.4478530383240553,0.24468049,0.21096951,america,BINANCE,Interval.INTERVAL_1_DAY
ENJBTC,STRONG_SELL,1,15,10,1.001e-05,-1.4763779527558967,-2.436647173489277,1.063e-05,1e-05,america,BINANCE,Interval.INTERVAL_1_DAY
QIBUSD,STRONG_SELL,0,16,10,0.00593,-6.882966177946187,-2.4350115169463606,0.00664517,0.00583883,america,BINANCE,Interval.INTERVAL_1_DAY
ALGOBNB,STRONG_SELL,0,16,10,0.000445,-4.710920770877962,-2.4336768252576064,0.00048852,0.00044048,america,BINANCE,Interval.INTERVAL_1_DAY
DOTBUSD,STRONG_SELL,1,16,9,5.063,-3.399370430629716,-2.416930074782215,5.48615334,5.04384666,america,BINANCE,Interval.INTERVAL_1_DAY
WINEUR,STRONG_SELL,0,17,9,6.15e-05,-3.24103209565763,-2.4119327197714995,6.509e-05,6.063e-05,america,BINANCE,Interval.INTERVAL_1_DAY
DATABTC,STRONG_SELL,1,15,10,8.2e-07,-4.651162790697683,-2.3809523809523796,8.9e-07,8.2e-07,america,BINANCE,Interval.INTERVAL_1_DAY
ADATUSD,STRONG_SELL,1,15,10,0.3009,-1.828146532698355,-2.3780942802452643,0.32680523,0.29857477,america,BINANCE,Interval.INTERVAL_1_DAY
LTOBUSD,STRONG_SELL,0,16,10,0.062,-4.766776138793517,-2.3775783341206136,0.0676706,0.0615394,america,BINANCE,Interval.INTERVAL_1_DAY
KLAYBUSD,STRONG_SELL,1,16,9,0.1571,-5.9243863212979875,-2.3738503604275536,0.17701575,0.15490425,america,BINANCE,Interval.INTERVAL_1_DAY
XDBUSDT,STRONG_SELL,1,16,9,0.00031846,-16.73813009830579,-2.372777437155122,0.00039447,0.00028543,america,Kucoin,Interval.INTERVAL_1_DAY
ADAUSDC,STRONG_SELL,1,15,10,0.300775,-1.8306450928541125,-2.3660984840492603,0.32646481,0.29863339,america,Kucoin,Interval.INTERVAL_1_DAY
TONEUSDT,STRONG_SELL,1,15,10,0.00867,-6.526236802356351,-2.3648648648648702,0.00972634,0.00851566,america,Kucoin,Interval.INTERVAL_1_DAY
SANDBRL,STRONG_SELL,1,16,9,1.995,-4.724760267319496,-2.3638232271325705,2.22356481,1.97373519,america,BINANCE,Interval.INTERVAL_1_DAY
ONETRY,STRONG_SELL,0,16,10,0.3143,-4.225496148039639,-2.3488473249238666,0.34997341,0.30949659,america,BINANCE,Interval.INTERVAL_1_DAY
ICXBUSD,STRONG_SELL,0,16,10,0.2158,-4.397650485873029,-2.344103538781795,0.24480915,0.21091085,america,BINANCE,Interval.INTERVAL_1_DAY
ARBEUR,STRONG_SELL,0,14,10,1.0418,-2.9969338446258433,-2.3379642649567813,1.16162143,1.02869857,america,BINANCE,Interval.INTERVAL_1_DAY
OMUSDT,STRONG_SELL,0,16,10,0.02261,-6.792367115225801,-2.336832102285001,0.02514076,0.02231524,america,BINANCE,Interval.INTERVAL_1_DAY
EOSBUSD,STRONG_SELL,1,15,10,0.728,-2.8253619451596848,-2.334317145156959,0.78705726,0.72784274,america,BINANCE,Interval.INTERVAL_1_DAY
MOVRBUSD,STRONG_SELL,1,16,9,4.82,-6.571040899399094,-2.330293819655509,5.2844591,4.7465409,america,BINANCE,Interval.INTERVAL_1_DAY
ECOXUSDT,STRONG_SELL,0,17,9,0.3385,-3.605194213463946,-2.3285339181117735,0.36159649,0.33978351,america,Kucoin,Interval.INTERVAL_1_DAY
SLPETH,STRONG_SELL,0,16,10,8.4e-07,-3.448275862068968,-2.3255813953488484,8.9e-07,8.4e-07,america,BINANCE,Interval.INTERVAL_1_DAY
ACHUSDT,STRONG_SELL,1,16,9,0.01761,-6.2350247590649985,-2.324033501580786,0.01985193,0.01701007,america,BINANCE,Interval.INTERVAL_1_DAY
EOSUSDT,STRONG_SELL,1,15,10,0.728,-2.8167133894006184,-2.3212129343888392,0.78649979,0.72800021,america,BINANCE,Interval.INTERVAL_1_DAY
ATOMUSDC,STRONG_SELL,1,16,9,8.7513,-5.29647715740326,-2.3157222651348945,9.72978057,8.64318943,america,Kucoin,Interval.INTERVAL_1_DAY
PROSUSDT,STRONG_SELL,0,14,10,0.2878,-7.614278376990242,-2.3115304979464355,0.32413744,0.28212256,america,BINANCE,Interval.INTERVAL_1_DAY
NUMUSDT,STRONG_SELL,1,17,8,0.02709,-5.749883361566617,-2.3079697078975983,0.03082682,0.02647918,america,Kucoin,Interval.INTERVAL_1_DAY
BLURUSDT,STRONG_SELL,0,14,10,0.2974,-7.731447009183427,-2.306024571315959,0.3519793,0.2874507,america,Kucoin,Interval.INTERVAL_1_DAY
EGLDBTC,STRONG_SELL,0,16,10,0.001077,-5.74706608207093,-2.3040638606676254,0.00123969,0.00103991,america,BINANCE,Interval.INTERVAL_1_DAY
BSWTRY,STRONG_SELL,0,16,10,2.279,-8.247893193075456,-2.2936763129689126,2.64200668,2.22279332,america,BINANCE,Interval.INTERVAL_1_DAY
MANABRL,STRONG_SELL,0,16,10,1.801,-5.523789539946506,-2.2894965277777857,2.03964923,1.76685077,america,BINANCE,Interval.INTERVAL_1_DAY
ONEBUSD,STRONG_SELL,0,16,10,0.01155,-5.5780869221154035,-2.28426395939087,0.01311099,0.01122301,america,BINANCE,Interval.INTERVAL_1_DAY
AXSUSDT,STRONG_SELL,1,16,9,5.94,-3.388452102677391,-2.270483711747289,6.56407691,5.88792309,america,BINANCE,Interval.INTERVAL_1_DAY
APTUSDT,STRONG_SELL,0,16,10,6.8731,-5.420610518566491,-2.25758513051332,7.83461228,6.73856772,america,BINANCE,Interval.INTERVAL_1_DAY
LTOUSDT,STRONG_SELL,0,16,10,0.062,-4.747273006606235,-2.2544537285196355,0.06751853,0.06157147,america,BINANCE,Interval.INTERVAL_1_DAY
ETNUSDT,STRONG_SELL,0,18,8,0.0020108,-4.628197952930677,-2.254067481054065,0.00229717,0.00187175,america,Kucoin,Interval.INTERVAL_1_DAY
ATOMUSDT,STRONG_SELL,1,16,9,8.756,-5.225786898731428,-2.2375061408601624,9.72588125,8.64431875,america,BINANCE,Interval.INTERVAL_1_DAY
KLAYUSDT,STRONG_SELL,1,16,9,0.1574,-5.748502994011972,-2.236024844720504,0.17693438,0.15502562,america,BINANCE,Interval.INTERVAL_1_DAY
FRMUSDT,STRONG_SELL,2,15,9,0.03679,0.22611490996268913,-2.2322614934892187,0.03953271,0.03645229,america,Kucoin,Interval.INTERVAL_1_DAY
ADABUSD,STRONG_SELL,1,15,10,0.3012,-1.6800149973883975,-2.223664989449759,0.32624851,0.29868149,america,BINANCE,Interval.INTERVAL_1_DAY
FORMETH,STRONG_SELL,1,17,8,4.4e-07,-10.204081632653043,-2.2222222222222143,4.8e-07,4.3e-07,america,Kucoin,Interval.INTERVAL_1_DAY
AXSBUSD,STRONG_SELL,1,16,9,5.94,-3.4093989357637753,-2.2222222222222143,6.57146948,5.88353052,america,BINANCE,Interval.INTERVAL_1_DAY
TLMTRY,STRONG_SELL,1,16,9,0.2868,-4.4276108632216165,-2.209492635024546,0.31715389,0.28384611,america,BINANCE,Interval.INTERVAL_1_DAY
MAGICTRY,STRONG_SELL,0,14,10,19.63,-5.502334761469214,-2.1923268560039872,21.88550708,19.34349292,america,BINANCE,Interval.INTERVAL_1_DAY
BETABTC,STRONG_SELL,1,15,10,2.68e-06,-2.8985507246376727,-2.189781021897801,2.87e-06,2.68e-06,america,BINANCE,Interval.INTERVAL_1_DAY
APTBUSD,STRONG_SELL,0,16,10,6.8796,-5.342801438102569,-2.1780860484758477,7.83378831,6.74072169,america,BINANCE,Interval.INTERVAL_1_DAY
ORNBTC,STRONG_SELL,1,15,10,2.16e-05,-2.7902790279027982,-2.173913043478265,2.308e-05,2.105e-05,america,BINANCE,Interval.INTERVAL_1_DAY
PUNDIXUSDT,STRONG_SELL,1,16,9,0.387,-2.723082553188789,-2.173913043478265,0.43427312,0.37802688,america,BINANCE,Interval.INTERVAL_1_DAY
HARDUSDT,STRONG_SELL,0,16,10,0.1206,-2.4955559075201847,-2.165977123387691,0.13025299,0.11820701,america,BINANCE,Interval.INTERVAL_1_DAY
NKNUSDT,STRONG_SELL,0,16,10,0.093,-4.192850520243127,-2.1464646464646506,0.10173122,0.09055878,america,BINANCE,Interval.INTERVAL_1_DAY
GALATRY,STRONG_SELL,1,15,10,0.6276,-5.3964425685860675,-2.1408635180016375,0.7508883,0.5965017,america,BINANCE,Interval.INTERVAL_1_DAY
PERLUSDT,STRONG_SELL,0,17,9,0.01723,-6.154684095860588,-2.1300766827605884,0.01934628,0.01659872,america,BINANCE,Interval.INTERVAL_1_DAY
ADAUSDT,STRONG_SELL,1,15,10,0.3015,-1.5692345191177282,-2.12945530091541,0.3260734,0.2988066,america,BINANCE,Interval.INTERVAL_1_DAY
BTTUSDT,STRONG_SELL,0,15,11,4.6e-07,-2.1276595744680833,-2.1276595744680833,4.8e-07,4.6e-07,america,Kucoin,Interval.INTERVAL_1_DAY
BTTCBUSD,STRONG_SELL,0,15,11,4.6e-07,-2.1276595744680833,-2.1276595744680833,4.8e-07,4.6e-07,america,BINANCE,Interval.INTERVAL_1_DAY
BTTCUSDT,STRONG_SELL,0,14,12,4.6e-07,-2.1276595744680833,-2.1276595744680833,4.8e-07,4.6e-07,america,BINANCE,Interval.INTERVAL_1_DAY
ONEUSDT,STRONG_SELL,0,16,10,0.01157,-5.409482106695165,-2.115059221658214,0.01310617,0.01122783,america,BINANCE,Interval.INTERVAL_1_DAY
ENJEUR,STRONG_SELL,1,16,9,0.268,-2.7787854603497095,-2.1147594871981994,0.28702703,0.26569297,america,BINANCE,Interval.INTERVAL_1_DAY
RVNBUSD,STRONG_SELL,0,16,10,0.01792,-6.601823036514418,-2.103250478011475,0.02025792,0.01758708,america,BINANCE,Interval.INTERVAL_1_DAY
RSRBUSD,STRONG_SELL,1,15,10,0.001916,-8.634428035306414,-2.0900403699729253,0.00232118,0.00181832,america,BINANCE,Interval.INTERVAL_1_DAY
TLMUSDT,STRONG_SELL,0,16,10,0.01056,-5.61594089555814,-2.086230876216959,0.01186487,0.01032513,america,BINANCE,Interval.INTERVAL_1_DAY
DATAUSDT,STRONG_SELL,1,16,9,0.02404,-6.355916853091372,-2.081381613783563,0.02702694,0.02361906,america,BINANCE,Interval.INTERVAL_1_DAY
ATOMBUSD,STRONG_SELL,1,16,9,8.772,-5.074865939322777,-2.0741699970975134,9.72933134,8.64556866,america,BINANCE,Interval.INTERVAL_1_DAY
WTCUSDT,STRONG_SELL,0,16,10,0.1613,-5.164133369213786,-2.0643594414086266,0.1750441,0.1594459,america,BINANCE,Interval.INTERVAL_1_DAY
DOTBTC,STRONG_SELL,1,15,10,0.0001734,-0.953904152624645,-2.0615645297938414,0.00018249,0.00017243,america,BINANCE,Interval.INTERVAL_1_DAY
LEVERBUSD,STRONG_SELL,0,16,10,0.001146,-8.670704494740193,-2.0596530211093125,0.00135421,0.00108449,america,BINANCE,Interval.INTERVAL_1_DAY
CELRBTC,STRONG_SELL,1,15,10,4.8e-07,-5.882352941176478,-2.040816326530617,5.4e-07,4.8e-07,america,BINANCE,Interval.INTERVAL_1_DAY
MANUSDT,STRONG_SELL,1,16,9,0.016201,-15.05985027339078,-2.037731285524245,0.02052356,0.01468254,america,Kucoin,Interval.INTERVAL_1_DAY
HARDBNB,STRONG_SELL,1,16,9,0.0005,-2.133489919749465,-2.03761755485894,0.00053411,0.00049009,america,BINANCE,Interval.INTERVAL_1_DAY
TLMBUSD,STRONG_SELL,0,16,10,0.01056,-5.585055258671019,-2.031728360701365,0.01184819,0.01032481,america,BINANCE,Interval.INTERVAL_1_DAY
CHRBUSD,STRONG_SELL,1,15,10,0.1066,-8.82654806705439,-2.022058823529406,0.12565059,0.10258941,america,BINANCE,Interval.INTERVAL_1_DAY
H2OUSDT,STRONG_SELL,0,16,10,0.1166,-1.661465800792783,-2.0085721489200807,0.12263625,0.11432375,america,Kucoin,Interval.INTERVAL_1_DAY
BSWUSDT,STRONG_SELL,0,16,10,0.084,-9.336211548839714,-2.0065328978068067,0.09879022,0.08079978,america,BINANCE,Interval.INTERVAL_1_DAY
SANDETH,STRONG_SELL,0,17,9,0.0002252,-2.052887961029924,-2.0017406440382928,0.00023975,0.00022471,america,BINANCE,Interval.INTERVAL_1_DAY
ICXBTC,STRONG_SELL,1,15,10,7.39e-06,-1.9893899204244008,-1.9893899204244008,8.05e-06,7.29e-06,america,BINANCE,Interval.INTERVAL_1_DAY
CELRUSDT,STRONG_SELL,0,17,9,0.01406,-7.853611764852388,-1.9799219185722308,0.01609514,0.01367886,america,BINANCE,Interval.INTERVAL_1_DAY
GALABUSD,STRONG_SELL,1,15,10,0.0231,-6.573542193370116,-1.9774251039633413,0.02777587,0.02196613,america,BINANCE,Interval.INTERVAL_1_DAY
CELRBUSD,STRONG_SELL,0,17,9,0.01406,-7.839538542212907,-1.9662529633245072,0.01608675,0.01368125,america,BINANCE,Interval.INTERVAL_1_DAY
LEVERUSDT,STRONG_SELL,0,16,10,0.001147,-8.585910913104797,-1.965811965811966,0.00135468,0.00108392,america,BINANCE,Interval.INTERVAL_1_DAY
GFTBUSD,STRONG_SELL,0,14,10,0.01401,-7.610129253495117,-1.9594121763471009,0.01661705,0.01324995,america,BINANCE,Interval.INTERVAL_1_DAY
OPULUSDT,STRONG_SELL,1,16,9,0.075,-1.8341696407641166,-1.9441212232143954,0.08567417,0.07081483,america,Kucoin,Interval.INTERVAL_1_DAY
GALAUSDT,STRONG_SELL,1,15,10,0.02311,-6.523041402890556,-1.9391522043535616,0.02776857,0.02196543,america,BINANCE,Interval.INTERVAL_1_DAY
CVCUSDT,STRONG_SELL,1,16,9,0.0851,-1.7736946722444458,-1.935929937773679,0.09121793,0.08401207,america,BINANCE,Interval.INTERVAL_1_DAY
HARDBUSD,STRONG_SELL,0,16,10,0.1208,-2.2759115056604173,-1.9321318395843434,0.13018601,0.11815399,america,BINANCE,Interval.INTERVAL_1_DAY
NEOBUSD,STRONG_SELL,0,16,10,8.58,-4.634878292764256,-1.9316493313521619,9.36497086,8.50702914,america,BINANCE,Interval.INTERVAL_1_DAY
PUNDIXBTC,STRONG_SELL,1,17,8,1.32e-05,-0.37735849056603854,-1.9316493313521477,1.437e-05,1.29e-05,america,Kucoin,Interval.INTERVAL_1_DAY
ZILUSDC,STRONG_SELL,0,16,10,0.02041,-3.886589000500578,-1.917439569417084,0.02245943,0.02013857,america,Kucoin,Interval.INTERVAL_1_DAY
BSWBUSD,STRONG_SELL,0,16,10,0.0841,-9.218480138169255,-1.912759505481688,0.09867598,0.08088402,america,BINANCE,Interval.INTERVAL_1_DAY
RVNUSDT,STRONG_SELL,0,16,10,0.01796,-6.3819273334017765,-1.9115237575095563,0.02024442,0.01760058,america,BINANCE,Interval.INTERVAL_1_DAY
NEOUSDT,STRONG_SELL,0,16,10,8.58,-4.610139377182733,-1.9092260203498341,9.3629612,8.5060388,america,BINANCE,Interval.INTERVAL_1_DAY
MBOXTRY,STRONG_SELL,0,18,8,7.32,-5.103496000560256,-1.90297507370677,8.03465952,7.23834048,america,BINANCE,Interval.INTERVAL_1_DAY
JASMYUSDT,STRONG_SELL,1,16,9,0.003818,-3.7285639720918766,-1.8988154885788333,0.00413359,0.00369031,america,BINANCE,Interval.INTERVAL_1_DAY
RACAUSDT,STRONG_SELL,0,16,10,0.0001087,-4.313380281690144,-1.8953068592057747,0.00011577,0.00010839,america,Kucoin,Interval.INTERVAL_1_DAY
EOSBTC,STRONG_SELL,1,15,10,2.496e-05,-0.3194888178913686,-1.8867924528301927,2.616e-05,2.491e-05,america,BINANCE,Interval.INTERVAL_1_DAY
KAVAUSDT,STRONG_SELL,0,16,10,0.855,-6.4380810010508185,-1.88202891898095,0.93953108,0.84336892,america,BINANCE,Interval.INTERVAL_1_DAY
GFTUSDT,STRONG_SELL,0,14,10,0.014,-7.507301968178552,-1.8645731108930192,0.01659122,0.01322278,america,Kucoin,Interval.INTERVAL_1_DAY
AGIXUSDT,STRONG_SELL,0,14,10,0.21721,-6.778556432835401,-1.8592567491245973,0.25316806,0.20837494,america,BINANCE,Interval.INTERVAL_1_DAY
RSRUSDT,STRONG_SELL,1,15,10,0.001921,-8.368035183621672,-1.8545956164103643,0.00232049,0.00181911,america,BINANCE,Interval.INTERVAL_1_DAY
TKOBUSD,STRONG_SELL,0,16,10,0.244,-4.148334380892521,-1.8543099633964886,0.26475775,0.24178225,america,BINANCE,Interval.INTERVAL_1_DAY
LTOBTC,STRONG_SELL,0,16,10,2.12e-06,-2.3041474654377936,-1.8518518518518476,2.24e-06,2.11e-06,america,BINANCE,Interval.INTERVAL_1_DAY
EGLDEUR,STRONG_SELL,0,16,10,28.89,-6.9325430062496025,-1.8515372855444099,33.49514675,27.66885325,america,BINANCE,Interval.INTERVAL_1_DAY
MBOXBUSD,STRONG_SELL,1,17,8,0.2692,-6.421634567236396,-1.8449646321009254,0.30012099,0.26379901,america,BINANCE,Interval.INTERVAL_1_DAY
PROSBUSD,STRONG_SELL,0,16,10,0.2889,-7.20060059745596,-1.8215183851016121,0.32366169,0.28191831,america,BINANCE,Interval.INTERVAL_1_DAY
CVCBUSD,STRONG_SELL,1,16,9,0.0852,-1.6544787092912117,-1.8206960129061969,0.09119692,0.08401308,america,BINANCE,Interval.INTERVAL_1_DAY
GMTBUSD,STRONG_SELL,0,16,10,0.2088,-6.781552747890515,-1.8197206940329949,0.2582368,0.1913532,america,BINANCE,Interval.INTERVAL_1_DAY
DOTEUR,STRONG_SELL,0,16,10,4.641,-2.346818470392506,-1.8193357309075537,4.92464666,4.59525334,america,BINANCE,Interval.INTERVAL_1_DAY
KLAYBTC,STRONG_SELL,1,16,9,5.4e-06,-3.225806451612897,-1.818181818181813,5.84e-06,5.35e-06,america,BINANCE,Interval.INTERVAL_1_DAY
AXSBTC,STRONG_SELL,1,15,10,0.0002036,-0.8618590836051965,-1.8085362912949137,0.00021776,0.00020187,america,BINANCE,Interval.INTERVAL_1_DAY
ETNETH,STRONG_SELL,0,16,10,1.09e-06,-2.678571428571445,-1.8018018018018012,1.21e-06,1.01e-06,america,Kucoin,Interval.INTERVAL_1_DAY
MBOXUSDT,STRONG_SELL,1,17,8,0.2694,-6.334747235936305,-1.8006852810381275,0.2997189,0.2640411,america,BINANCE,Interval.INTERVAL_1_DAY
REQBUSD,STRONG_SELL,0,16,10,0.0748,-5.619107739700013,-1.7857142857142918,0.08265236,0.07293764,america,BINANCE,Interval.INTERVAL_1_DAY
DOTGBP,STRONG_SELL,1,16,9,3.983,-2.3231860039263523,-1.775585696670774,4.25144386,3.92885614,america,BINANCE,Interval.INTERVAL_1_DAY
ZECUSDT,STRONG_SELL,0,16,10,29.58,-3.3143753677191654,-1.7667375132837435,32.32818266,29.24581734,america,BINANCE,Interval.INTERVAL_1_DAY
STEEMUSDT,STRONG_SELL,1,16,9,0.1824,-3.2275161946682402,-1.766479965532099,0.19528153,0.17989847,america,BINANCE,Interval.INTERVAL_1_DAY
WILDUSDT,STRONG_SELL,1,16,9,0.305,-5.763367242351563,-1.755516186181353,0.3387435,0.2955065,america,Kucoin,Interval.INTERVAL_1_DAY
CHRUSDT,STRONG_SELL,1,15,10,0.107,-8.507909362975624,-1.7537416215223658,0.12551195,0.10278805,america,BINANCE,Interval.INTERVAL_1_DAY
VIBBUSD,STRONG_SELL,0,16,10,0.04668,-5.334237268337077,-1.7490686367367516,0.05418718,0.04480682,america,BINANCE,Interval.INTERVAL_1_DAY
VETUSDT,STRONG_SELL,0,16,10,0.01833,-3.546621763839198,-1.7474271012006852,0.0197739,0.0182241,america,BINANCE,Interval.INTERVAL_1_DAY
LUNCUSDC,STRONG_SELL,0,16,10,7.985e-05,-5.177532359577242,-1.7472622123784873,9.271e-05,7.686e-05,america,Kucoin,Interval.INTERVAL_1_DAY
ADABIDR,STRONG_SELL,1,15,10,4555.0,-1.1258556069192878,-1.7471958584987135,4902.08649701,4489.41350299,america,BINANCE,Interval.INTERVAL_1_DAY
MOVRBTC,STRONG_SELL,1,16,9,0.0001656,-3.894144274853474,-1.7443930224279285,0.00017579,0.00016246,america,BINANCE,Interval.INTERVAL_1_DAY
ETCUSDC,STRONG_SELL,0,16,10,18.0522,-3.876559547404028,-1.7391413210855262,19.24239589,17.96037411,america,Kucoin,Interval.INTERVAL_1_DAY
CELRBNB,STRONG_SELL,2,16,8,5.84e-05,-7.301587301587304,-1.7331314151101935,6.537e-05,5.726e-05,america,BINANCE,Interval.INTERVAL_1_DAY
GMTTRY,STRONG_SELL,0,16,10,5.69,-5.319207995274709,-1.7271157167530191,6.9290506,5.2539494,america,BINANCE,Interval.INTERVAL_1_DAY
ADABTC,STRONG_SELL,2,15,9,1.033e-05,0.9775171065493566,-1.7126546146527062,1.083e-05,1.023e-05,america,BINANCE,Interval.INTERVAL_1_DAY
GMTUSDT,STRONG_SELL,0,16,10,0.2091,-6.642062318365561,-1.7110087430666567,0.25813686,0.19148314,america,BINANCE,Interval.INTERVAL_1_DAY
ALICETRY,STRONG_SELL,0,16,10,25.32,-5.432996376496064,-1.7004425809457189,28.43338408,24.80161592,america,BINANCE,Interval.INTERVAL_1_DAY
NKNBUSD,STRONG_SELL,0,16,10,0.0934,-3.7840774597925133,-1.6945584675297454,0.10143292,0.09076708,america,BINANCE,Interval.INTERVAL_1_DAY
REQUSDT,STRONG_SELL,0,16,10,0.0749,-5.512804339598844,-1.6931355820973835,0.08253675,0.07304325,america,BINANCE,Interval.INTERVAL_1_DAY
FLOWBUSD,STRONG_SELL,0,16,10,0.576,-5.252768424458665,-1.6897081413210486,0.64752122,0.56267878,america,BINANCE,Interval.INTERVAL_1_DAY
FLOWUSDT,STRONG_SELL,0,16,10,0.576,-5.221587896125428,-1.6897081413210486,0.64737452,0.56262548,america,BINANCE,Interval.INTERVAL_1_DAY
AGIXTRY,STRONG_SELL,0,14,10,5.922,-5.229804122391499,-1.6883310921858623,6.75040524,5.74989476,america,BINANCE,Interval.INTERVAL_1_DAY
JASMYTRY,STRONG_SELL,0,18,8,0.104179,-2.109826912764447,-1.6857405207176441,0.11085908,0.10119742,america,BINANCE,Interval.INTERVAL_1_DAY
AMBETH,STRONG_SELL,1,16,9,3.5e-06,-4.632152588555854,-1.6853932584269558,3.88e-06,3.41e-06,america,Kucoin,Interval.INTERVAL_1_DAY
OMBUSD,STRONG_SELL,1,16,9,0.02279,-6.094194239564871,-1.6740012080421138,0.02510296,0.02236804,america,BINANCE,Interval.INTERVAL_1_DAY
BETAETH,STRONG_SELL,0,16,10,4.25e-05,-3.144940747493152,-1.6658954187875992,4.509e-05,4.238e-05,america,BINANCE,Interval.INTERVAL_1_DAY
VETBUSD,STRONG_SELL,0,16,10,0.01835,-3.4515416184362664,-1.6507664272698008,0.0197757,0.0182263,america,BINANCE,Interval.INTERVAL_1_DAY
ERGUSDT,STRONG_SELL,1,17,8,1.1516,-4.152344172652292,-1.64746474903707,1.23698433,1.13778567,america,Kucoin,Interval.INTERVAL_1_DAY
ALICEBUSD,STRONG_SELL,0,16,10,0.932,-6.631937487477458,-1.646264246517518,1.05874573,0.90635427,america,BINANCE,Interval.INTERVAL_1_DAY
ZECBUSD,STRONG_SELL,0,16,10,29.62,-3.182575924953696,-1.6436991532458762,32.32664638,29.25235362,america,BINANCE,Interval.INTERVAL_1_DAY
EPXUSDT,STRONG_SELL,0,18,8,0.0002041,-3.8126207644092602,-1.6432942990699217,0.00022303,0.00019921,america,BINANCE,Interval.INTERVAL_1_DAY
ENJBRL,STRONG_SELL,1,16,9,1.413,-3.715985789569771,-1.6427676458304319,1.54948378,1.38611622,america,BINANCE,Interval.INTERVAL_1_DAY
MANAETH,STRONG_SELL,0,16,10,0.0002037,-2.563857265856697,-1.6369694335796083,0.00021785,0.00020255,america,BINANCE,Interval.INTERVAL_1_DAY
RUNEGBP,STRONG_SELL,0,15,11,0.728,-5.82959681860298,-1.6216216216216282,0.80894313,0.70965687,america,BINANCE,Interval.INTERVAL_1_DAY
RVNBTC,STRONG_SELL,0,16,10,6.1e-07,-4.6875,-1.6129032258064484,6.7e-07,6.1e-07,america,BINANCE,Interval.INTERVAL_1_DAY
GMTUSDC,STRONG_SELL,0,16,10,0.209,-6.650587341998303,-1.605385810460902,0.25902589,0.19076411,america,Kucoin,Interval.INTERVAL_1_DAY
ETCBUSD,STRONG_SELL,0,16,10,18.1,-3.663621024334887,-1.6036966567001798,19.26906086,17.97093914,america,BINANCE,Interval.INTERVAL_1_DAY
EOSEUR,STRONG_SELL,1,16,9,0.669,-1.617647058823536,-1.6031769377849514,0.70687464,0.66382536,america,BINANCE,Interval.INTERVAL_1_DAY
SSVTUSD,STRONG_SELL,1,14,9,17.58,-3.4684726084985016,-1.6008060002238977,19.33094167,16.84505833,america,BINANCE,Interval.INTERVAL_1_DAY
VETBTC,STRONG_SELL,0,15,11,6.2e-07,-1.5873015873015959,-1.5873015873015959,6.6e-07,6.2e-07,america,BINANCE,Interval.INTERVAL_1_DAY
JASMYBUSD,STRONG_SELL,1,17,8,0.003831,-3.44215729023054,-1.5824898525407178,0.00413363,0.00369147,america,BINANCE,Interval.INTERVAL_1_DAY
FTMTRY,STRONG_SELL,0,16,10,6.493,-7.557601455785118,-1.567521678491289,7.3817665,6.2702335,america,BINANCE,Interval.INTERVAL_1_DAY
CELOBUSD,STRONG_SELL,1,15,10,0.484,-3.9809555351080945,-1.5659955257270752,0.54916215,0.45533785,america,BINANCE,Interval.INTERVAL_1_DAY
MBOXBNB,STRONG_SELL,2,17,7,0.00112,-5.686593180803868,-1.5644225698716951,0.00122029,0.00110481,america,BINANCE,Interval.INTERVAL_1_DAY
TKOUSDT,STRONG_SELL,0,16,10,0.2448,-3.8164327188678016,-1.5641963890787736,0.26452333,0.24195667,america,BINANCE,Interval.INTERVAL_1_DAY
ADAEUR,STRONG_SELL,1,15,10,0.2763,-0.5005581763837341,-1.5604959384352242,0.29236457,0.27252543,america,BINANCE,Interval.INTERVAL_1_DAY
ZILBUSD,STRONG_SELL,1,15,10,0.02057,-3.357674795991656,-1.560107197549769,0.02245847,0.02026253,america,BINANCE,Interval.INTERVAL_1_DAY
GRTUSDT,STRONG_SELL,0,16,10,0.1094,-5.387875118913783,-1.5567353549896552,0.12192645,0.10708355,america,BINANCE,Interval.INTERVAL_1_DAY
MINATRY,STRONG_SELL,0,16,10,11.85,-3.6089043400100707,-1.5535432416715196,12.89305482,11.71194518,america,BINANCE,Interval.INTERVAL_1_DAY
LUNCUSDT,STRONG_SELL,0,16,10,8.002e-05,-5.077105575326229,-1.5501968503937036,9.281e-05,7.686e-05,america,BINANCE,Interval.INTERVAL_1_DAY
CELOUSDT,STRONG_SELL,1,15,10,0.484,-3.949196269101023,-1.5259409969481226,0.54890983,0.45529017,america,BINANCE,Interval.INTERVAL_1_DAY
ZILUSDT,STRONG_SELL,1,15,10,0.02058,-3.3106926252556264,-1.5216767154751665,0.02244823,0.02026377,america,BINANCE,Interval.INTERVAL_1_DAY
PUSHBTC,STRONG_SELL,0,17,9,7.77e-06,-1.5209125475285248,-1.5209125475285248,8.77e-06,7.38e-06,america,Kucoin,Interval.INTERVAL_1_DAY
GMTBTC,STRONG_SELL,0,17,9,7.15e-06,-4.411764705882362,-1.5151515151515156,8.55e-06,6.59e-06,america,BINANCE,Interval.INTERVAL_1_DAY
GRTBUSD,STRONG_SELL,0,16,10,0.1095,-5.301392372221741,-1.51106314085267,0.12177826,0.10721174,america,BINANCE,Interval.INTERVAL_1_DAY
IOTABUSD,STRONG_SELL,0,16,10,0.1727,-5.003760519925919,-1.5056461731493158,0.19450291,0.16812709,america,BINANCE,Interval.INTERVAL_1_DAY
DARUSDT,STRONG_SELL,1,16,9,0.09816,-3.6418965347992582,-1.5041290801633522,0.10662699,0.09609401,america,BINANCE,Interval.INTERVAL_1_DAY
CCDUSDT,STRONG_SELL,1,16,9,0.008048,-2.571304053072481,-1.500501799133474,0.00852531,0.00801759,america,Kucoin,Interval.INTERVAL_1_DAY
ETCUSDT,STRONG_SELL,0,16,10,18.12,-3.538346895776982,-1.5003261578603997,19.2502822,17.9787178,america,BINANCE,Interval.INTERVAL_1_DAY
MLKBTC,STRONG_SELL,1,16,9,1.119e-05,-0.26737967914438343,-1.4964788732394396,1.169e-05,1.091e-05,america,Kucoin,Interval.INTERVAL_1_DAY
CTSIUSDT,STRONG_SELL,0,17,9,0.1434,-5.956933128362294,-1.4839241549876192,0.16081162,0.13911838,america,BINANCE,Interval.INTERVAL_1_DAY
ATOMEUR,STRONG_SELL,0,16,10,8.044,-4.005346257793846,-1.4819350887936196,8.6635367,7.9386633,america,BINANCE,Interval.INTERVAL_1_DAY
ENJETH,STRONG_SELL,1,15,10,0.0001589,-1.4818029636059151,-1.4756944444444429,0.00016812,0.00015701,america,BINANCE,Interval.INTERVAL_1_DAY
DARBUSD,STRONG_SELL,1,16,9,0.09816,-3.6472594486986054,-1.475459199036436,0.10662673,0.09604527,america,BINANCE,Interval.INTERVAL_1_DAY
VRAUSDC,STRONG_SELL,0,16,10,0.004215,-9.198621283929342,-1.4726507713885013,0.00507068,0.00394462,america,Kucoin,Interval.INTERVAL_1_DAY
CTSIBUSD,STRONG_SELL,0,17,9,0.1434,-5.94254230617868,-1.470386148137976,0.16075719,0.13907281,america,BINANCE,Interval.INTERVAL_1_DAY
PNTUSDT,STRONG_SELL,0,15,11,0.1164,-9.022221009879914,-1.4644882756285398,0.13327855,0.10978145,america,BINANCE,Interval.INTERVAL_1_DAY
DARTRY,STRONG_SELL,0,17,9,2.672,-2.2582059969982566,-1.4640262565917936,2.85159633,2.64180367,america,BINANCE,Interval.INTERVAL_1_DAY
AGIXBUSD,STRONG_SELL,0,16,10,0.21814,-6.39977687670293,-1.4635468425331908,0.2532494,0.2084356,america,BINANCE,Interval.INTERVAL_1_DAY
ONTETH,STRONG_SELL,0,18,8,0.000102,-2.5043012808258425,-1.4587962515699076,0.00010895,0.00010116,america,Kucoin,Interval.INTERVAL_1_DAY
DOSEUSDC,STRONG_SELL,1,16,9,0.00308,-6.819990137440513,-1.4557670772676374,0.00336586,0.00296824,america,Kucoin,Interval.INTERVAL_1_DAY
DOTBRL,STRONG_SELL,0,16,10,24.47,-3.3722950560732983,-1.4538278764447625,26.51659852,24.10340148,america,BINANCE,Interval.INTERVAL_1_DAY
MINABUSD,STRONG_SELL,0,16,10,0.436,-4.893477095131814,-1.4466546112115708,0.48326273,0.42533727,america,BINANCE,Interval.INTERVAL_1_DAY
MLKUSDT,STRONG_SELL,1,16,9,0.32819,-2.041412314557661,-1.4432605797066742,0.34443033,0.32542967,america,Kucoin,Interval.INTERVAL_1_DAY
JASMYUSDC,STRONG_SELL,1,16,9,0.003829,-3.4365881768454614,-1.4312927971992053,0.00412595,0.00369075,america,Kucoin,Interval.INTERVAL_1_DAY
SSVBUSD,STRONG_SELL,1,16,9,17.6,-3.3197223927122934,-1.422650386468007,19.34186839,16.82513161,america,BINANCE,Interval.INTERVAL_1_DAY
RUNEUSDC,STRONG_SELL,0,16,10,0.9266,-6.064036813165373,-1.4150441536333602,1.0398169,0.9021731,america,Kucoin,Interval.INTERVAL_1_DAY
GASUSDT,STRONG_SELL,1,14,9,2.668,-0.37837287212283854,-1.4115734239893527,2.79482421,2.61637579,america,BINANCE,Interval.INTERVAL_1_DAY
ADAGBP,STRONG_SELL,1,15,10,0.2376,-0.4691689008042772,-1.3944223107569655,0.25247091,0.23413909,america,BINANCE,Interval.INTERVAL_1_DAY
ALICEUSDT,STRONG_SELL,0,16,10,0.934,-6.447197400930861,-1.3935810810810807,1.05930278,0.90579722,america,BINANCE,Interval.INTERVAL_1_DAY
MBOXBTC,STRONG_SELL,1,16,9,9.24e-06,-3.649635036496349,-1.3874066168623358,9.87e-06,9.13e-06,america,BINANCE,Interval.INTERVAL_1_DAY
IOTAUSDT,STRONG_SELL,0,16,10,0.1729,-4.8815357016345615,-1.385957907945027,0.19441051,0.16814949,america,BINANCE,Interval.INTERVAL_1_DAY
VIBUSDT,STRONG_SELL,0,14,10,0.04689,-4.975810274244793,-1.3797164850881245,0.05418504,0.04486696,america,BINANCE,Interval.INTERVAL_1_DAY
AZEROUSDT,STRONG_SELL,1,16,9,0.9065,-0.6582603938664988,-1.3730524849856494,0.97641652,0.87280348,america,Kucoin,Interval.INTERVAL_1_DAY
RFOXUSDT,STRONG_SELL,0,16,10,0.011575,-5.289625552408992,-1.3567179696954241,0.01277227,0.01123533,america,Kucoin,Interval.INTERVAL_1_DAY
COTIBNB,STRONG_SELL,1,16,9,0.0001905,-8.1706435285611,-1.3566694283347118,0.00023227,0.00017767,america,BINANCE,Interval.INTERVAL_1_DAY
COTIUSDT,STRONG_SELL,0,17,9,0.0459,-8.541451345546534,-1.3539651837524218,0.05680959,0.04252041,america,BINANCE,Interval.INTERVAL_1_DAY
STRAXBUSD,STRONG_SELL,1,16,9,0.471,-2.565163425734383,-1.3405948889819967,0.51418079,0.45211921,america,BINANCE,Interval.INTERVAL_1_DAY
AGIXBTC,STRONG_SELL,0,15,11,7.45e-06,-4.241645244215945,-1.324503311258269,8.33e-06,7.22e-06,america,BINANCE,Interval.INTERVAL_1_DAY
ZECBTC,STRONG_SELL,1,16,9,0.001014,-0.7798663365852292,-1.3234721681588297,0.00106822,0.00100688,america,BINANCE,Interval.INTERVAL_1_DAY
NEOBTC,STRONG_SELL,1,17,8,0.0002946,-1.940551875644914,-1.3230614637414249,0.00030873,0.00029354,america,BINANCE,Interval.INTERVAL_1_DAY
POLYXBTC,STRONG_SELL,2,15,9,4.55e-06,0.22026431718060735,-1.3015184381778795,4.88e-06,4.44e-06,america,BINANCE,Interval.INTERVAL_1_DAY
CHZBUSD,STRONG_SELL,1,15,10,0.0766,-2.0335081212431163,-1.3013786883133633,0.08126908,0.07593092,america,BINANCE,Interval.INTERVAL_1_DAY
TKOBTC,STRONG_SELL,0,16,10,8.38e-06,-1.4117647058823621,-1.2956419316843437,8.76e-06,8.31e-06,america,BINANCE,Interval.INTERVAL_1_DAY
ETCBTC,STRONG_SELL,1,16,9,0.00062,-1.1999426322247473,-1.2896035663111007,0.00064062,0.00061468,america,BINANCE,Interval.INTERVAL_1_DAY
EGLDETH,STRONG_SELL,1,15,10,0.01712,-5.583011118813744,-1.2858213688519982,0.01946818,0.01644382,america,BINANCE,Interval.INTERVAL_1_DAY
DODOBUSD,STRONG_SELL,0,16,10,0.091,-4.02531537966901,-1.2693935119887243,0.09991843,0.08889157,america,BINANCE,Interval.INTERVAL_1_DAY
SIDUSUSDT,STRONG_SELL,0,15,9,0.000958,-7.101228629888581,-1.2676491806657708,0.00120569,0.00087101,america,Kucoin,Interval.INTERVAL_1_DAY
OMBTC,STRONG_SELL,0,14,12,7.8e-07,-3.7037037037036953,-1.265822784810112,8.3e-07,7.7e-07,america,BINANCE,Interval.INTERVAL_1_DAY
MINAUSDT,STRONG_SELL,0,16,10,0.437,-4.647610735326197,-1.2652507907817494,0.48229149,0.42590851,america,BINANCE,Interval.INTERVAL_1_DAY
CHZUSDT,STRONG_SELL,1,15,10,0.0766,-2.041864442565128,-1.26321216808455,0.08130976,0.07588024,america,BINANCE,Interval.INTERVAL_1_DAY
KONOUSDT,STRONG_SELL,1,16,9,0.02071,-0.687324278664363,-1.2587012491656395,0.02187001,0.02004699,america,Kucoin,Interval.INTERVAL_1_DAY
COTIBTC,STRONG_SELL,1,16,9,1.57e-06,-5.988023952095816,-1.2578616352201237,1.87e-06,1.47e-06,america,BINANCE,Interval.INTERVAL_1_DAY
MTRGUSDT,STRONG_SELL,1,17,8,1.855,-1.905483601391623,-1.2562546577238436,1.95540031,1.80289969,america,Kucoin,Interval.INTERVAL_1_DAY
GMTEUR,STRONG_SELL,0,16,10,0.1915,-5.69754271925936,-1.247937293729379,0.2304392,0.1759708,america,BINANCE,Interval.INTERVAL_1_DAY
VIBBTC,STRONG_SELL,0,15,11,1.6e-06,-3.0303030303030454,-1.2345679012345698,1.79e-06,1.55e-06,america,BINANCE,Interval.INTERVAL_1_DAY
RUNEUSDT,STRONG_SELL,0,16,10,0.929,-5.822322528376034,-1.2332553689134613,1.04159023,0.90240977,america,BINANCE,Interval.INTERVAL_1_DAY
TKOBIDR,STRONG_SELL,0,17,9,3700.14,-3.338332555279905,-1.231410853242906,3969.18360042,3646.87439958,america,BINANCE,Interval.INTERVAL_1_DAY
GASBUSD,STRONG_SELL,1,16,9,2.669,-0.28021670091537487,-1.2286285249056306,2.79663759,2.61126241,america,BINANCE,Interval.INTERVAL_1_DAY
COTIBUSD,STRONG_SELL,0,17,9,0.046,-8.372611936299847,-1.2239639252737788,0.05676632,0.04260368,america,BINANCE,Interval.INTERVAL_1_DAY
EOSETH,STRONG_SELL,1,16,9,0.0003954,-0.4506659281452272,-1.2166787418492362,0.00041428,0.00039048,america,BINANCE,Interval.INTERVAL_1_DAY
HEROUSDT,STRONG_SELL,0,16,10,0.002883,-4.149212048673448,-1.2163782765119038,0.00316257,0.00282233,america,Kucoin,Interval.INTERVAL_1_DAY
SSVUSDT,STRONG_SELL,1,14,9,17.64,-3.084023130738416,-1.209677419354847,19.32965504,16.83334496,america,BINANCE,Interval.INTERVAL_1_DAY
DODOUSDT,STRONG_SELL,0,16,10,0.0911,-3.9434837621256804,-1.203773994143802,0.09990474,0.08894526,america,BINANCE,Interval.INTERVAL_1_DAY
ADABRL,STRONG_SELL,1,15,10,1.456,-1.6260531020538451,-1.2010585600868637,1.57809941,1.42510059,america,BINANCE,Interval.INTERVAL_1_DAY
VRAUSDT,STRONG_SELL,0,16,10,0.00422207,-8.938619780826528,-1.197683262154115,0.00506432,0.00394197,america,Kucoin,Interval.INTERVAL_1_DAY
USDJUSDT,STRONG_SELL,1,16,9,1.09775,-0.7113409464557634,-1.1881758427228704,1.12042251,1.0983565,america,Kucoin,Interval.INTERVAL_1_DAY
SFUNDUSDT,STRONG_SELL,1,16,9,0.7425,-2.6693287249761966,-1.179195059625215,0.80083597,0.72505403,america,Kucoin,Interval.INTERVAL_1_DAY
DOTETH,STRONG_SELL,1,16,9,0.002753,-0.9081321560849887,-1.1773996697537683,0.00287594,0.00271666,america,BINANCE,Interval.INTERVAL_1_DAY
GALAEUR,STRONG_SELL,1,15,10,0.02122,-5.352363960749329,-1.173621460506709,0.02481267,0.02014733,america,BINANCE,Interval.INTERVAL_1_DAY
AXSETH,STRONG_SELL,1,15,10,0.003223,-1.0712422112403743,-1.1561934553930087,0.00344575,0.00316515,america,BINANCE,Interval.INTERVAL_1_DAY
RUNEBUSD,STRONG_SELL,0,16,10,0.93,-5.733689543758857,-1.1479591836734642,1.04132976,0.90287024,america,BINANCE,Interval.INTERVAL_1_DAY
KAVABUSD,STRONG_SELL,0,16,10,0.862,-5.685838631292768,-1.1354513132239958,0.93991447,0.84398553,america,BINANCE,Interval.INTERVAL_1_DAY
STRAXUSDT,STRONG_SELL,1,16,9,0.472,-2.344826912722951,-1.131126937578557,0.51394771,0.45185229,america,BINANCE,Interval.INTERVAL_1_DAY
XYOUSDT,STRONG_SELL,1,17,8,0.003505,-2.2560584511559227,-1.1255606646167706,0.00376687,0.00335223,america,Kucoin,Interval.INTERVAL_1_DAY
ORCUSDT,STRONG_SELL,0,17,9,0.0672,-2.915426623132717,-1.1212147965039208,0.07257174,0.06629226,america,Kucoin,Interval.INTERVAL_1_DAY
EPXBUSD,STRONG_SELL,0,18,8,0.0002049,-3.399179670925463,-1.1195830518289824,0.00022228,0.00019962,america,BINANCE,Interval.INTERVAL_1_DAY
PONDUSDT,STRONG_SELL,1,16,9,0.00824,-1.869715374538515,-1.1160446417856633,0.00885407,0.00777693,america,BINANCE,Interval.INTERVAL_1_DAY
ZILBIDR,STRONG_SELL,1,15,10,311.1,-2.7407253032227743,-1.1156670163059061,336.23429436,305.30570564,america,BINANCE,Interval.INTERVAL_1_DAY
ALICEBTC,STRONG_SELL,1,15,10,3.2e-05,-4.04797601199401,-1.1124845488257193,3.487e-05,3.139e-05,america,BINANCE,Interval.INTERVAL_1_DAY
GALABRL,STRONG_SELL,1,15,10,0.1116,-6.621294879826365,-1.10766504209127,0.13443191,0.10475809,america,BINANCE,Interval.INTERVAL_1_DAY
VETEUR,STRONG_SELL,1,15,10,0.01681,-2.4583852423772754,-1.1060124720555393,0.01765593,0.01668807,america,BINANCE,Interval.INTERVAL_1_DAY
STEEMBTC,STRONG_SELL,1,15,10,6.27e-06,-0.4761904761904816,-1.1041009463722418,6.5e-06,6.15e-06,america,BINANCE,Interval.INTERVAL_1_DAY
GRTEUR,STRONG_SELL,0,16,10,0.1001,-4.536354244322283,-1.077181539677838,0.10858132,0.09820868,america,BINANCE,Interval.INTERVAL_1_DAY
FTMBNB,STRONG_SELL,1,15,10,0.0009941,-8.147614295746024,-1.074733804358658,0.00112103,0.0009574,america,BINANCE,Interval.INTERVAL_1_DAY
SDUSDT,STRONG_SELL,0,15,9,0.7724,-13.558924024371066,-1.0682173322745143,0.90044308,0.72720692,america,Kucoin,Interval.INTERVAL_1_DAY
ONGUSDT,STRONG_SELL,1,16,9,0.2392,-3.4016705938006737,-1.0589013898080708,0.26682232,0.22634768,america,BINANCE,Interval.INTERVAL_1_DAY
RUNEBTC,STRONG_SELL,0,16,10,3.18e-05,-3.4608378870673846,-1.0578718108276206,3.425e-05,3.128e-05,america,BINANCE,Interval.INTERVAL_1_DAY
CVPBUSD,STRONG_SELL,0,16,10,0.3171,-4.5377905565145795,-1.051580491153615,0.34934491,0.30686509,america,BINANCE,Interval.INTERVAL_1_DAY
FLMUSDT,STRONG_SELL,0,16,10,0.0639,-4.560385570067993,-1.0223048327137718,0.07249579,0.06158421,america,BINANCE,Interval.INTERVAL_1_DAY
IOTABTC,STRONG_SELL,0,16,10,5.93e-06,-2.3064250411861735,-1.0016694490818168,6.4e-06,5.82e-06,america,BINANCE,Interval.INTERVAL_1_DAY
ETCEUR,STRONG_SELL,0,16,10,16.6,-2.6012125762959357,-0.9546539379474979,17.26599173,16.38900827,america,BINANCE,Interval.INTERVAL_1_DAY
API3USDT,STRONG_SELL,0,16,10,0.968,-6.3769421186954105,-0.9516013506599847,1.13647,0.91943,america,BINANCE,Interval.INTERVAL_1_DAY
VOXELUSDT,STRONG_SELL,1,16,9,0.1324,-3.848946986201881,-0.9426904084991747,0.14303765,0.12903235,america,BINANCE,Interval.INTERVAL_1_DAY
PONDBUSD,STRONG_SELL,1,16,9,0.00825,-1.750625223294037,-0.9365994236311224,0.00885416,0.00777784,america,BINANCE,Interval.INTERVAL_1_DAY
ADAETH,STRONG_SELL,2,15,9,0.0001638,0.880704563650923,-0.9254218835057202,0.0001703,0.00016155,america,BINANCE,Interval.INTERVAL_1_DAY
ERGBTC,STRONG_SELL,1,16,9,3.965e-05,-1.2699203187250987,-0.9245377311344214,4.114e-05,3.909e-05,america,Kucoin,Interval.INTERVAL_1_DAY
RUNEBNB,STRONG_SELL,1,15,10,0.00386,-5.206286836935163,-0.9240246406570805,0.00424819,0.00376381,america,BINANCE,Interval.INTERVAL_1_DAY
HOTTRY,STRONG_SELL,0,16,10,0.03419,-2.8941463830270635,-0.9071674926817934,0.03662703,0.03364197,america,BINANCE,Interval.INTERVAL_1_DAY
WOOBUSD,STRONG_SELL,0,16,10,0.2,-7.518727457689806,-0.9017936775344282,0.23113151,0.18971849,america,BINANCE,Interval.INTERVAL_1_DAY
DARBTC,STRONG_SELL,1,17,8,3.37e-06,-0.8823529411764781,-0.8823529411764781,3.53e-06,3.3e-06,america,BINANCE,Interval.INTERVAL_1_DAY
SSVBTC,STRONG_SELL,1,16,9,0.000604,-0.6693308336211317,-0.8812379999015292,0.00064471,0.00057418,america,BINANCE,Interval.INTERVAL_1_DAY
ETHBTC,STRONG_SELL,1,15,10,0.063,0.007413247934408673,-0.8763786837012475,0.06419499,0.06271501,america,BINANCE,Interval.INTERVAL_1_DAY
CVPUSDT,STRONG_SELL,0,16,10,0.3179,-4.304635761589395,-0.8576329331046253,0.34925423,0.30716577,america,BINANCE,Interval.INTERVAL_1_DAY
RPLBUSD,STRONG_SELL,1,14,9,29.33,-11.87516899975715,-0.8518693800284041,36.56713813,26.42586187,america,BINANCE,Interval.INTERVAL_1_DAY
C98BUSD,STRONG_SELL,0,16,10,0.134,-7.922765065622201,-0.8509064002959548,0.15703992,0.12689008,america,BINANCE,Interval.INTERVAL_1_DAY
FLOKIUSDT,STRONG_SELL,0,12,10,2.22e-05,-7.653910149750402,-0.8485931219294258,2.575e-05,2.109e-05,america,BINANCE,Interval.INTERVAL_1_DAY
FARMUSDT,STRONG_SELL,0,17,9,24.55,-4.127777560823205,-0.8321215058975611,26.47965258,23.70234742,america,BINANCE,Interval.INTERVAL_1_DAY
API3TRY,STRONG_SELL,0,16,10,26.38,-4.9494961740851835,-0.8233392232790777,30.54008015,25.19091985,america,BINANCE,Interval.INTERVAL_1_DAY
CTSIBTC,STRONG_SELL,1,15,10,4.94e-06,-2.9469548133595396,-0.8032128514056041,5.29e-06,4.83e-06,america,BINANCE,Interval.INTERVAL_1_DAY
WOOUSDT,STRONG_SELL,0,16,10,0.2001,-7.463928967813544,-0.8030933967876308,0.23104874,0.18965126,america,BINANCE,Interval.INTERVAL_1_DAY
STARLYUSDT,STRONG_SELL,1,16,9,0.004301,-7.83972984034267,-0.8026200470501408,0.00495667,0.00387513,america,Kucoin,Interval.INTERVAL_1_DAY
AIUSDT,STRONG_SELL,0,16,10,0.000594,-11.42656904701549,-0.8016032064128211,0.00079487,0.00050763,america,Kucoin,Interval.INTERVAL_1_DAY
MNETUSDT,STRONG_SELL,1,17,8,0.0005145,-6.508940252943745,-0.8001542466017497,0.00059251,0.00048093,america,Kucoin,Interval.INTERVAL_1_DAY
KRLUSDT,STRONG_SELL,0,16,10,0.24026,-1.5327868852458977,-0.7702632937532314,0.25062156,0.23844144,america,Kucoin,Interval.INTERVAL_1_DAY
GLMRBUSD,STRONG_SELL,0,16,10,0.2288,-4.597766378526629,-0.7547497180532616,0.25032284,0.22298716,america,BINANCE,Interval.INTERVAL_1_DAY
COSBUSD,STRONG_SELL,0,17,9,0.00521,-3.6136554104929672,-0.7429986664126602,0.00557204,0.00507096,america,BINANCE,Interval.INTERVAL_1_DAY
STGBUSD,STRONG_SELL,1,15,10,0.5867,-4.664149282390142,-0.7107801658487034,0.67142128,0.55431872,america,BINANCE,Interval.INTERVAL_1_DAY
STORJUSDT,STRONG_SELL,0,16,10,0.2943,-8.839352109535753,-0.6984512602490156,0.32002388,0.28574612,america,BINANCE,Interval.INTERVAL_1_DAY
DAREUR,STRONG_SELL,1,17,8,0.09021,-2.3715351283363617,-0.6902473661613726,0.09549532,0.08785268,america,BINANCE,Interval.INTERVAL_1_DAY
VOXELBUSD,STRONG_SELL,1,16,9,0.1328,-3.560792611188134,-0.6880047861202598,0.14304065,0.12913935,america,BINANCE,Interval.INTERVAL_1_DAY
FLOKIUSDC,STRONG_SELL,0,14,10,2.22e-05,-7.538525614327355,-0.6711409395973078,2.572e-05,2.106e-05,america,Kucoin,Interval.INTERVAL_1_DAY
APTETH,STRONG_SELL,1,14,9,0.003753,-2.5946218112261477,-0.6459469476359487,0.00410509,0.00363401,america,BINANCE,Interval.INTERVAL_1_DAY
GTCBUSD,STRONG_SELL,0,17,9,0.986,-3.079947257797997,-0.6449012494961721,1.10790123,0.94549877,america,BINANCE,Interval.INTERVAL_1_DAY
MDTBTC,STRONG_SELL,1,12,13,1.6e-06,-3.6144578313252964,-0.6211180124223716,1.68e-06,1.55e-06,america,BINANCE,Interval.INTERVAL_1_DAY
BNBUAH,STRONG_SELL,1,16,9,9255.0,-0.5355639541817112,-0.619584008934055,9536.64521887,9139.25478113,america,BINANCE,Interval.INTERVAL_1_DAY
GLMRUSDT,STRONG_SELL,1,16,9,0.229,-4.493131075086623,-0.6076388888888857,0.25052166,0.22279834,america,BINANCE,Interval.INTERVAL_1_DAY
FARMBUSD,STRONG_SELL,0,17,9,24.58,-3.96937021409596,-0.5944918510130748,26.49042721,23.66057279,america,BINANCE,Interval.INTERVAL_1_DAY
FRONTUSDT,STRONG_SELL,0,17,9,0.1462,-4.980608439970709,-0.5915550418168323,0.15779092,0.14128908,america,BINANCE,Interval.INTERVAL_1_DAY
STORJBUSD,STRONG_SELL,0,16,10,0.2949,-8.660100353094208,-0.5798664958532811,0.31985028,0.28602972,america,BINANCE,Interval.INTERVAL_1_DAY
FRONTBUSD,STRONG_SELL,0,17,9,0.1462,-4.96825569233323,-0.5712731229597523,0.15783052,0.14125948,america,BINANCE,Interval.INTERVAL_1_DAY
ETHWUSDT,STRONG_SELL,0,17,9,1.734,-6.2341156657988535,-0.5711140163765123,1.94802415,1.66305585,america,Kucoin,Interval.INTERVAL_1_DAY
GMTETH,STRONG_SELL,0,16,10,0.0001136,-4.288482601735623,-0.5602240896358666,0.00013489,0.00010381,america,BINANCE,Interval.INTERVAL_1_DAY
COSUSDT,STRONG_SELL,0,17,9,0.00522,-3.3811060086956957,-0.552486187845318,0.00556211,0.00507289,america,BINANCE,Interval.INTERVAL_1_DAY
HIMFERSUSDT,STRONG_SELL,1,17,8,0.001663,-13.24534404507277,-0.544225823814358,0.00202479,0.00135711,america,Kucoin,Interval.INTERVAL_1_DAY
PYRBUSD,STRONG_SELL,0,16,10,3.049,-3.974552784076593,-0.5414926931106407,3.42688882,2.90701118,america,BINANCE,Interval.INTERVAL_1_DAY
RUNEEUR,STRONG_SELL,0,16,10,0.853,-4.660780149770886,-0.5363805970149258,0.92791911,0.83018089,america,BINANCE,Interval.INTERVAL_1_DAY
NEOETH,STRONG_SELL,1,16,9,0.004675,-1.9614011026458797,-0.5107469674398857,0.00487437,0.00461603,america,BINANCE,Interval.INTERVAL_1_DAY
C98USDT,STRONG_SELL,0,16,10,0.1345,-7.574957225071742,-0.5103927805311059,0.15688132,0.12696868,america,BINANCE,Interval.INTERVAL_1_DAY
ILVBUSD,STRONG_SELL,1,17,8,40.69,-1.820901772498189,-0.5085823267641558,42.7672259,39.6117741,america,BINANCE,Interval.INTERVAL_1_DAY
VETETH,STRONG_SELL,1,16,9,9.97e-06,-1.091269841269849,-0.49900199600799056,1.032e-05,9.86e-06,america,BINANCE,Interval.INTERVAL_1_DAY
PBRUSDT,STRONG_SELL,1,15,10,0.03995,-10.227402192249073,-0.49813200498132915,0.04706416,0.03737284,america,Kucoin,Interval.INTERVAL_1_DAY
MTSUSDT,STRONG_SELL,1,16,9,0.003368,-12.767131235220532,-0.4933967559901902,0.00431282,0.00301908,america,Kucoin,Interval.INTERVAL_1_DAY
ILVUSDT,STRONG_SELL,1,17,8,40.71,-1.7402428133523102,-0.4840129070108503,42.73893205,39.63006795,america,BINANCE,Interval.INTERVAL_1_DAY
XAVAUSDT,STRONG_SELL,1,16,9,0.1963,-7.32405746135052,-0.46648412939865125,0.22361253,0.18532747,america,Kucoin,Interval.INTERVAL_1_DAY
VETGBP,STRONG_SELL,1,15,10,0.01452,-1.9228392122215467,-0.46613655058952475,0.0153478,0.0142472,america,BINANCE,Interval.INTERVAL_1_DAY
FIOUSDT,STRONG_SELL,1,15,10,0.02073,-4.499400414711246,-0.4609622587150852,0.0226076,0.0200734,america,BINANCE,Interval.INTERVAL_1_DAY
WOOBTC,STRONG_SELL,1,15,10,6.86e-06,-4.986149584487535,-0.4354136429608104,7.6e-06,6.58e-06,america,BINANCE,Interval.INTERVAL_1_DAY
BNBTUSD,STRONG_SELL,1,16,9,240.4,-0.7595772787318396,-0.4142502071250931,248.93536051,236.24463949,america,BINANCE,Interval.INTERVAL_1_DAY
STEEMETH,STRONG_SELL,1,16,9,9.93e-05,-0.6602641056422556,-0.41119245812856775,0.00010243,9.688e-05,america,BINANCE,Interval.INTERVAL_1_DAY
ZECETH,STRONG_SELL,1,17,8,0.01612,-0.6573745568252747,-0.40775979241320215,0.01691578,0.01581222,america,BINANCE,Interval.INTERVAL_1_DAY
UQCETH,STRONG_SELL,1,17,8,0.00182,-4.2896133195201855,-0.4049469191200643,0.00206781,0.00159149,america,Kucoin,Interval.INTERVAL_1_DAY
IDEXUSDT,STRONG_SELL,1,16,9,0.0501,-6.478082177205181,-0.39959444146239775,0.05698492,0.04690308,america,BINANCE,Interval.INTERVAL_1_DAY
STORJBTC,STRONG_SELL,0,16,10,1.008e-05,-6.4066852367688085,-0.3952569169960469,1.061e-05,9.8e-06,america,BINANCE,Interval.INTERVAL_1_DAY
AGIXETH,STRONG_SELL,0,17,9,0.00011861,-4.068262698155934,-0.3946926436009335,0.00013089,0.0001144,america,Kucoin,Interval.INTERVAL_1_DAY
GTCUSDT,STRONG_SELL,0,17,9,0.989,-2.7818735869458493,-0.3526448362720487,1.10900724,0.94509276,america,BINANCE,Interval.INTERVAL_1_DAY
CHZBRL,STRONG_SELL,1,15,10,0.37,-2.0472988179253235,-0.32327586206896797,0.39404315,0.36155685,america,BINANCE,Interval.INTERVAL_1_DAY
ETHBRL,STRONG_SELL,0,16,10,8884.08,-2.5099974636084,-0.2977685149158589,9379.96013566,8718.37086434,america,BINANCE,Interval.INTERVAL_1_DAY
PYRUSDT,STRONG_SELL,0,16,10,3.061,-3.597635768077552,-0.24766994720719993,3.42528894,2.91071106,america,BINANCE,Interval.INTERVAL_1_DAY
VOXELBTC,STRONG_SELL,1,17,8,4.55e-06,-1.0869565217391397,-0.21929824561405553,4.75e-06,4.42e-06,america,BINANCE,Interval.INTERVAL_1_DAY
GTCBTC,STRONG_SELL,1,17,8,3.38e-05,-0.5297233666862837,-0.14771048744461268,3.669e-05,3.249e-05,america,BINANCE,Interval.INTERVAL_1_DAY
SPELLBUSD,STRONG_SELL,0,16,10,0.000466,-2.496181449166201,-0.1457101225679338,0.00050348,0.00045097,america,BINANCE,Interval.INTERVAL_1_DAY
USDTTUSD,STRONG_SELL,1,16,9,0.9996,-0.09394926739560105,-0.10193679918451437,1.00161704,0.99955296,america,Kucoin,Interval.INTERVAL_1_DAY
USDTUSDC,STRONG_SELL,1,17,8,0.9994,-0.06136616112458171,-0.03660856640455279,1.00048272,0.99943428,america,Kucoin,Interval.INTERVAL_1_DAY
REEFBTC,STRONG_SELL,0,10,16,5e-08,-16.666666666666657,0.0,6e-08,5e-08,america,Kucoin,Interval.INTERVAL_1_DAY
OLTBTC,STRONG_SELL,0,13,13,1.4e-07,-6.666666666666657,0.0,1.6e-07,1.3e-07,america,Kucoin,Interval.INTERVAL_1_DAY
ACHBTC,STRONG_SELL,0,14,12,6.1e-07,-3.1746031746031775,0.0,6.6e-07,5.8e-07,america,BINANCE,Interval.INTERVAL_1_DAY
FRONTBTC,STRONG_SELL,1,16,9,5.01e-06,-2.52918287937743,0.0,5.23e-06,4.85e-06,america,BINANCE,Interval.INTERVAL_1_DAY
HEGICBTC,STRONG_SELL,0,13,13,3.9e-07,-2.499999999999986,0.0,4.2e-07,3.8e-07,america,Kucoin,Interval.INTERVAL_1_DAY
ZILETH,STRONG_SELL,1,15,10,1.121e-05,-0.6205673758865373,0.0,1.171e-05,1.096e-05,america,BINANCE,Interval.INTERVAL_1_DAY
ZILBTC,STRONG_SELL,1,9,16,7.1e-07,0.0,0.0,7.5e-07,6.9e-07,america,BINANCE,Interval.INTERVAL_1_DAY
SHRBTC,STRONG_SELL,0,8,18,5e-08,0.0,0.0,6e-08,5e-08,america,Kucoin,Interval.INTERVAL_1_DAY
ETNBTC,STRONG_SELL,0,7,19,7e-08,0.0,0.0,8e-08,6e-08,america,Kucoin,Interval.INTERVAL_1_DAY
QIBTC,STRONG_SELL,0,7,19,2.1e-07,0.0,0.0,2.2e-07,2e-07,america,BINANCE,Interval.INTERVAL_1_DAY
TELBTC,STRONG_SELL,2,6,18,5e-08,0.0,0.0,5e-08,5e-08,america,Kucoin,Interval.INTERVAL_1_DAY
SOSUSDT,STRONG_SELL,0,6,20,5e-08,0.0,0.0,5e-08,5e-08,america,Kucoin,Interval.INTERVAL_1_DAY
DENTBTC,STRONG_SELL,0,4,22,3e-08,0.0,0.0,3e-08,2e-08,america,Kucoin,Interval.INTERVAL_1_DAY
VSYSBTC,STRONG_SELL,0,4,22,4e-08,0.0,0.0,4e-08,4e-08,america,Kucoin,Interval.INTERVAL_1_DAY
SPELLUSDT,STRONG_SELL,1,15,10,0.0004675,-2.188467654196998,0.1413760603204537,0.00050334,0.00045129,america,BINANCE,Interval.INTERVAL_1_DAY
BANDBUSD,STRONG_SELL,1,15,10,1.199,-1.8366397452081884,0.334728033472814,1.30397388,1.13892612,america,BINANCE,Interval.INTERVAL_1_DAY
BANDUSDT,STRONG_SELL,1,15,10,1.204,-1.4568669176624667,0.6688963210702354,1.30351642,1.13978358,america,BINANCE,Interval.INTERVAL_1_DAY
1INCHBUSD,STRONG_SELL,1,15,10,0.3135,-4.160679893613775,1.0931604914385247,0.40029566,0.26552434,america,BINANCE,Interval.INTERVAL_1_DAY
BELBUSD,STRONG_SELL,1,15,10,0.6625,-4.531568686683087,1.1419498641262749,0.7540293,0.6160807,america,BINANCE,Interval.INTERVAL_1_DAY
1INCHUSDT,STRONG_SELL,1,15,10,0.3141,-3.995842203886241,1.2278835927680376,0.39998989,0.26596011,america,BINANCE,Interval.INTERVAL_1_DAY
BELUSDT,STRONG_SELL,1,15,10,0.6638,-4.313899305615578,1.3729173347994106,0.75403976,0.61588024,america,BINANCE,Interval.INTERVAL_1_DAY
